cnode#;vnode#;onode#;book;chapter;verse;verb_lexeme;verb_stem;verb_occurrence;text;constituent;type;rela;type;function;valence;predication;grammatical;original;lexical;semantic
426717;780;-1;Genesis;2;6;<LH;qal;J<LH ;W >D J<LH MN H >RY ;;;;;;;;;;;
426717;780;605571;Genesis;2;6;<LH;qal;;W ;phrase;;;CP;Conj;NA;NA;NA;;NA;NA
426717;780;605572;Genesis;2;6;<LH;qal;;>D ;phrase;;;NP;Subj;core;NA;subject;;;
426717;780;605573;Genesis;2;6;<LH;qal;;J<LH ;phrase;;;VP;Pred;core;regular;NA;;;
426717;780;605574;Genesis;2;6;<LH;qal;;MN H >RY ;phrase;;;PP;Cmpl;complement;NA;*;;location;location
427271;3965;-1;Genesis;8;20;<LH;hif;J<L ;W J<L <LT B  MZBX ;;;;;;;;;;;
427271;3965;607317;Genesis;8;20;<LH;hif;;W ;phrase;;;CP;Conj;NA;NA;NA;;NA;NA
427271;3965;607318;Genesis;8;20;<LH;hif;;J<L ;phrase;;;VP;Pred;core;regular;NA;;;
427271;3965;607319;Genesis;8;20;<LH;hif;;<LT ;phrase;;;NP;Objc;complement;NA;direct_object;;;
427271;3965;607320;Genesis;8;20;<LH;hif;;B  MZBX ;phrase;;;PP;Cmpl;complement;NA;*;;location;location
427605;5867;-1;Genesis;13;1;<LH;qal;J<L ;W J<L >BRM M MYRJM HW> W >CTW W KL H NGBH ;;;;;;;;;;;
427605;5867;608358;Genesis;13;1;<LH;qal;;W ;phrase;;;CP;Conj;NA;NA;NA;;NA;NA
427605;5867;608359;Genesis;13;1;<LH;qal;;J<L ;phrase;;;VP;Pred;core;regular;NA;;;
427605;5867;608360;Genesis;13;1;<LH;qal;;>BRM HW> W >CTW W KL ;phrase;;;PrNP;Subj;core;NA;subject;;;
427605;5867;608361;Genesis;13;1;<LH;qal;;M MYRJM ;phrase;;;PP;Cmpl;complement;NA;*;;location;location
427605;5867;608367;Genesis;13;1;<LH;qal;;H NGBH ;phrase;;;AdvP;Cmpl;complement;NA;*;;location;location
427954;7709;-1;Genesis;17;22;<LH;qal;J<L ;W J<L >LHJM M <L >BRHM ;;;;;;;;;;;
427954;7709;609442;Genesis;17;22;<LH;qal;;W ;phrase;;;CP;Conj;NA;NA;NA;;NA;NA
427954;7709;609443;Genesis;17;22;<LH;qal;;J<L ;phrase;;;VP;Pred;core;regular;NA;;;
427954;7709;609444;Genesis;17;22;<LH;qal;;>LHJM ;phrase;;;NP;Subj;core;NA;subject;;;
427954;7709;609445;Genesis;17;22;<LH;qal;;M <L >BRHM ;phrase;;;PP;Cmpl;complement;NA;*;;;
428196;8748;-1;Genesis;19;15;<LH;qal;<LH ;W KMW H CXR <LH ;;;;;;;;;;;
428196;8748;610136;Genesis;19;15;<LH;qal;;W ;phrase;;;CP;Conj;NA;NA;NA;;NA;NA
428196;8748;610137;Genesis;19;15;<LH;qal;;KMW ;phrase;;;CP;Conj;NA;NA;NA;;NA;NA
428196;8748;610138;Genesis;19;15;<LH;qal;;H CXR ;phrase;;;NP;Subj;core;NA;subject;;;
428196;8748;610139;Genesis;19;15;<LH;qal;;<LH ;phrase;;;VP;Pred;core;regular;NA;;;
428252;9021;-1;Genesis;19;28;<LH;qal;<LH ;W HNH <LH QJVR H >RY K QJVR H KBCN ;;;;;;;;;;;
428252;9021;610299;Genesis;19;28;<LH;qal;;W ;phrase;;;CP;Conj;NA;NA;NA;;NA;NA
428252;9021;610300;Genesis;19;28;<LH;qal;;HNH ;phrase;;;InjP;Intj;NA;NA;NA;;NA;NA
428252;9021;610301;Genesis;19;28;<LH;qal;;<LH ;phrase;;;VP;Pred;core;regular;NA;;;
428252;9021;610302;Genesis;19;28;<LH;qal;;QJVR H >RY ;phrase;;;NP;Subj;core;NA;subject;;;
428252;9021;610303;Genesis;19;28;<LH;qal;;K QJVR H KBCN ;phrase;;;PP;Adju;adjunct;NA;NA;;;
428259;9061;-1;Genesis;19;30;<LH;qal;J<L ;W J<L LWV M YW<R ;;;;;;;;;;;
428259;9061;610323;Genesis;19;30;<LH;qal;;W ;phrase;;;CP;Conj;NA;NA;NA;;NA;NA
428259;9061;610324;Genesis;19;30;<LH;qal;;J<L ;phrase;;;VP;Pred;core;regular;NA;;;
428259;9061;610325;Genesis;19;30;<LH;qal;;LWV ;phrase;;;PrNP;Subj;core;NA;subject;;;
428259;9061;610326;Genesis;19;30;<LH;qal;;M YW<R ;phrase;;;PP;Cmpl;complement;NA;*;;location;location
428511;10261;-1;Genesis;22;2;<LH;hif;H<LHW ;W H<LHW CM L <LH <L >XD H HRJM ;;;;;;;;;;;
428511;10261;611119;Genesis;22;2;<LH;hif;;W ;phrase;;;CP;Conj;NA;NA;NA;;NA;NA
428511;10261;611120;Genesis;22;2;<LH;hif;;H<LHW ;phrase;;;VP;PreO;core;regular;principal_direct_object;;;
428511;10261;611121;Genesis;22;2;<LH;hif;;CM ;phrase;;;AdvP;Loca;adjunct;NA;NA;;location;location
428511;10261;611122;Genesis;22;2;<LH;hif;;L <LH ;phrase;;;PP;Cmpl;complement;NA;L_object;*;;
428511;10261;611123;Genesis;22;2;<LH;hif;;<L >XD H HRJM ;phrase;;;PP;Loca;adjunct;NA;NA;;location;location
428571;10539;-1;Genesis;22;13;<LH;hif;J<LHW ;W J<LHW L <LH TXT BNW ;;;;;;;;;;;
428571;10539;611305;Genesis;22;13;<LH;hif;;W ;phrase;;;CP;Conj;NA;NA;NA;;NA;NA
428571;10539;611306;Genesis;22;13;<LH;hif;;J<LHW ;phrase;;;VP;PreO;core;regular;principal_direct_object;;;
428571;10539;611307;Genesis;22;13;<LH;hif;;L <LH ;phrase;;;PP;Cmpl;complement;NA;L_object;*;;
428571;10539;611308;Genesis;22;13;<LH;hif;;TXT BNW ;phrase;;;PP;Adju;adjunct;NA;NA;;;
428748;11461;-1;Genesis;24;16;<LH;qal;T<L ;W T<L ;;;;;;;;;;;
428748;11461;611832;Genesis;24;16;<LH;qal;;W ;phrase;;;CP;Conj;NA;NA;NA;;NA;NA
428748;11461;611833;Genesis;24;16;<LH;qal;;T<L ;phrase;;;VP;Pred;core;regular;NA;;;
429182;13410;-1;Genesis;26;23;<LH;qal;J<L ;W J<L M CM B>R CB< ;;;;;;;;;;;
429182;13410;613095;Genesis;26;23;<LH;qal;;W ;phrase;;;CP;Conj;NA;NA;NA;;NA;NA
429182;13410;613096;Genesis;26;23;<LH;qal;;J<L ;phrase;;;VP;Pred;core;regular;NA;;;
429182;13410;613097;Genesis;26;23;<LH;qal;;M CM ;phrase;;;PP;Cmpl;complement;NA;*;;location;location
429182;13410;613098;Genesis;26;23;<LH;qal;;B>R CB< ;phrase;;;PrNP;Cmpl;complement;NA;*;;location;location
429506;14722;-1;Genesis;28;12;<LH;qal;<LJM ;W HNH ML>KJ >LHJM <LJM ;;;;;;;;;;;
429506;14722;614023;Genesis;28;12;<LH;qal;;W ;phrase;;;CP;Conj;NA;NA;NA;;NA;NA
429506;14722;614024;Genesis;28;12;<LH;qal;;HNH ;phrase;;;InjP;Intj;NA;NA;NA;;NA;NA
429506;14722;614025;Genesis;28;12;<LH;qal;;ML>KJ >LHJM ;phrase;;;NP;Subj;core;NA;subject;;;
429506;14722;614026;Genesis;28;12;<LH;qal;;<LJM ;phrase;;;VP;PreC;core;regular;NA;;;
429906;16548;-1;Genesis;31;10;<LH;qal;<LJM ;H <LJM <L H Y>N ;;;;;;;;;;;
429906;16548;615286;Genesis;31;10;<LH;qal;;H ;phrase;;;CP;Rela;NA;NA;NA;;NA;NA
429906;16548;615287;Genesis;31;10;<LH;qal;;<LJM ;phrase;;;VP;PreC;core;regular;NA;;;
429906;16548;615288;Genesis;31;10;<LH;qal;;<L H Y>N ;phrase;;;PP;Cmpl;complement;NA;*;;;
429915;16579;-1;Genesis;31;12;<LH;qal;<LJM ;H <LJM <L H Y>N ;;;;;;;;;;;
429915;16579;615307;Genesis;31;12;<LH;qal;;H ;phrase;;;CP;Rela;NA;NA;NA;;NA;NA
429915;16579;615308;Genesis;31;12;<LH;qal;;<LJM ;phrase;;;VP;PreC;core;regular;NA;;;
429915;16579;615309;Genesis;31;12;<LH;qal;;<L H Y>N ;phrase;;;PP;Cmpl;complement;NA;*;;;
430197;17932;-1;Genesis;32;25;<LH;qal;<LWT ;<D <LWT H CXR ;;;;;;;;;;;
430197;17932;616153;Genesis;32;25;<LH;qal;;<D <LWT ;phrase;;;VP;Pred;core;regular;NA;;;
430197;17932;616154;Genesis;32;25;<LH;qal;;H CXR ;phrase;;;NP;Subj;core;NA;subject;;;
430205;17958;-1;Genesis;32;27;<LH;qal;<LH ;KJ <LH H CXR ;;;;;;;;;;;
430205;17958;616172;Genesis;32;27;<LH;qal;;KJ ;phrase;;;CP;Conj;NA;NA;NA;;NA;NA
430205;17958;616173;Genesis;32;27;<LH;qal;;<LH ;phrase;;;VP;Pred;core;regular;NA;;;
430205;17958;616174;Genesis;32;27;<LH;qal;;H CXR ;phrase;;;NP;Subj;core;NA;subject;;;
430444;19050;-1;Genesis;35;1;<LH;qal;<LH ;<LH BJT_>L ;;;;;;;;;;;
430444;19050;616877;Genesis;35;1;<LH;qal;;<LH ;phrase;;;VP;Pred;core;regular;NA;;;
430444;19050;616878;Genesis;35;1;<LH;qal;;BJT_>L ;phrase;;;PrNP;Cmpl;complement;NA;*;;location;location
430456;19097;-1;Genesis;35;3;<LH;qal;N<LH ;W N<LH BJT_>L ;;;;;;;;;;;
430456;19097;616909;Genesis;35;3;<LH;qal;;W ;phrase;;;CP;Conj;NA;NA;NA;;NA;NA
430456;19097;616910;Genesis;35;3;<LH;qal;;N<LH ;phrase;;;VP;Pred;core;regular;NA;;;
430456;19097;616911;Genesis;35;3;<LH;qal;;BJT_>L ;phrase;;;PrNP;Cmpl;complement;NA;*;;location;location
430499;19302;-1;Genesis;35;13;<LH;qal;J<L ;W J<L M <LJW >LHJM B  MQWM ;;;;;;;;;;;
430499;19302;617045;Genesis;35;13;<LH;qal;;W ;phrase;;;CP;Conj;NA;NA;NA;;NA;NA
430499;19302;617046;Genesis;35;13;<LH;qal;;J<L ;phrase;;;VP;Pred;core;regular;NA;;;
430499;19302;617047;Genesis;35;13;<LH;qal;;M <LJW ;phrase;;;PP;Cmpl;complement;NA;*;;;
430499;19302;617048;Genesis;35;13;<LH;qal;;>LHJM ;phrase;;;NP;Subj;core;NA;subject;;;
430499;19302;617049;Genesis;35;13;<LH;qal;;B  MQWM ;phrase;;;PP;Loca;adjunct;NA;NA;;location;location
430782;20687;-1;Genesis;37;28;<LH;hif;J<LW ;W J<LW >T JWSP MN H BWR ;;;;;;;;;;;
430782;20687;617871;Genesis;37;28;<LH;hif;;W ;phrase;;;CP;Conj;NA;NA;NA;;NA;NA
430782;20687;617872;Genesis;37;28;<LH;hif;;J<LW ;phrase;;;VP;Pred;core;regular;NA;;;
430782;20687;617873;Genesis;37;28;<LH;hif;;>T JWSP ;phrase;;;PP;Objc;complement;NA;direct_object;;;
430782;20687;617874;Genesis;37;28;<LH;hif;;MN H BWR ;phrase;;;PP;Cmpl;complement;NA;*;;;
430867;21037;-1;Genesis;38;12;<LH;qal;J<L ;W J<L <L GZZJ Y>NW HW> W XJRH R<HW H <DLMJ TMNTH ;;;;;;;;;;;
430867;21037;618128;Genesis;38;12;<LH;qal;;W ;phrase;;;CP;Conj;NA;NA;NA;;NA;NA
430867;21037;618129;Genesis;38;12;<LH;qal;;J<L ;phrase;;;VP;Pred;core;regular;NA;;;
430867;21037;618130;Genesis;38;12;<LH;qal;;<L GZZJ Y>NW ;phrase;;;PP;Cmpl;complement;NA;*;;;
430867;21037;618131;Genesis;38;12;<LH;qal;;HW> W XJRH R<HW H <DLMJ ;phrase;;;PPrP;Subj;core;NA;subject;;;
430867;21037;618132;Genesis;38;12;<LH;qal;;TMNTH ;phrase;;;AdvP;Loca;adjunct;NA;NA;;location;location
430870;21056;-1;Genesis;38;13;<LH;qal;<LH ;HNH XMJK <LH TMNTH ;;;;;;;;;;;
430870;21056;618137;Genesis;38;13;<LH;qal;;HNH ;phrase;;;InjP;Intj;NA;NA;NA;;NA;NA
430870;21056;618138;Genesis;38;13;<LH;qal;;XMJK ;phrase;;;NP;Subj;core;NA;subject;;;
430870;21056;618139;Genesis;38;13;<LH;qal;;<LH ;phrase;;;VP;PreC;core;regular;NA;;;
430870;21056;618140;Genesis;38;13;<LH;qal;;TMNTH ;phrase;;;AdvP;Cmpl;complement;NA;*;;location;location
430870;21056;430871;Genesis;38;13;<LH;qal;;L GZ Y>NW ;clause;InfC;Adju;;;NA;NA;;;;
431113;22090;-1;Genesis;40;10;<LH;qal;<LTH ;K PRXT <LTH NYH ;;;;;;;;;;;
431113;22090;618847;Genesis;40;10;<LH;qal;;K PRXT ;phrase;;;PP;Adju;adjunct;NA;NA;;;
431113;22090;618848;Genesis;40;10;<LH;qal;;<LTH ;phrase;;;VP;Pred;core;regular;NA;;;
431113;22090;618849;Genesis;40;10;<LH;qal;;NYH ;phrase;;;NP;Subj;core;NA;subject;;;
431164;22371;-1;Genesis;41;2;<LH;qal;<LT ;W HNH MN H J>R <LT CB< PRWT JPWT MR>H W BRJ>T BFR ;;;;;;;;;;;
431164;22371;619013;Genesis;41;2;<LH;qal;;W ;phrase;;;CP;Conj;NA;NA;NA;;NA;NA
431164;22371;619014;Genesis;41;2;<LH;qal;;HNH ;phrase;;;InjP;Intj;NA;NA;NA;;NA;NA
431164;22371;619015;Genesis;41;2;<LH;qal;;MN H J>R ;phrase;;;PP;Cmpl;complement;NA;*;;location;location
431164;22371;619016;Genesis;41;2;<LH;qal;;<LT ;phrase;;;VP;PreC;core;regular;NA;;;
431164;22371;619017;Genesis;41;2;<LH;qal;;CB< PRWT JPWT MR>H W BRJ>T BFR ;phrase;;;NP;Subj;core;NA;subject;;;
431166;22389;-1;Genesis;41;3;<LH;qal;<LWT ;W HNH CB< PRWT >XRWT <LWT >XRJHN MN H J>R R<WT MR>H W DQWT BFR ;;;;;;;;;;;
431166;22389;619021;Genesis;41;3;<LH;qal;;W ;phrase;;;CP;Conj;NA;NA;NA;;NA;NA
431166;22389;619022;Genesis;41;3;<LH;qal;;HNH ;phrase;;;InjP;Intj;NA;NA;NA;;NA;NA
431166;22389;619023;Genesis;41;3;<LH;qal;;CB< PRWT >XRWT R<WT MR>H W DQWT BFR ;phrase;;;NP;Subj;core;NA;subject;;;
431166;22389;619024;Genesis;41;3;<LH;qal;;<LWT ;phrase;;;VP;PreC;core;regular;NA;;;
431166;22389;619025;Genesis;41;3;<LH;qal;;>XRJHN ;phrase;;;PP;Time;adjunct;NA;NA;;time;time
431166;22389;619026;Genesis;41;3;<LH;qal;;MN H J>R ;phrase;;;PP;Cmpl;complement;NA;*;;location;location
431172;22441;-1;Genesis;41;5;<LH;qal;<LWT ;W HNH CB< CBLJM <LWT B QNH >XD BRJ>WT W VBWT ;;;;;;;;;;;
431172;22441;619043;Genesis;41;5;<LH;qal;;W ;phrase;;;CP;Conj;NA;NA;NA;;NA;NA
431172;22441;619044;Genesis;41;5;<LH;qal;;HNH ;phrase;;;InjP;Intj;NA;NA;NA;;NA;NA
431172;22441;619045;Genesis;41;5;<LH;qal;;CB< CBLJM BRJ>WT W VBWT ;phrase;;;NP;Subj;core;NA;subject;;;
431172;22441;619046;Genesis;41;5;<LH;qal;;<LWT ;phrase;;;VP;PreC;core;regular;NA;;;
431172;22441;619047;Genesis;41;5;<LH;qal;;B QNH >XD ;phrase;;;PP;Cmpl;complement;NA;*;;location;location
431221;22670;-1;Genesis;41;18;<LH;qal;<LT ;W HNH MN H J>R <LT CB< PRWT BRJ>WT BFR W JPT T>R ;;;;;;;;;;;
431221;22670;619187;Genesis;41;18;<LH;qal;;W ;phrase;;;CP;Conj;NA;NA;NA;;NA;NA
431221;22670;619188;Genesis;41;18;<LH;qal;;HNH ;phrase;;;InjP;Intj;NA;NA;NA;;NA;NA
431221;22670;619189;Genesis;41;18;<LH;qal;;MN H J>R ;phrase;;;PP;Cmpl;complement;NA;*;;location;location
431221;22670;619190;Genesis;41;18;<LH;qal;;<LT ;phrase;;;VP;PreC;core;regular;NA;;;
431221;22670;619191;Genesis;41;18;<LH;qal;;CB< PRWT BRJ>WT BFR W JPT T>R ;phrase;;;NP;Subj;core;NA;subject;;;
431223;22688;-1;Genesis;41;19;<LH;qal;<LWT ;W HNH CB< PRWT >XRWT <LWT >XRJHN DLWT W R<WT T>R M>D W RQWT BFR ;;;;;;;;;;;
431223;22688;619195;Genesis;41;19;<LH;qal;;W ;phrase;;;CP;Conj;NA;NA;NA;;NA;NA
431223;22688;619196;Genesis;41;19;<LH;qal;;HNH ;phrase;;;InjP;Intj;NA;NA;NA;;NA;NA
431223;22688;619197;Genesis;41;19;<LH;qal;;CB< PRWT >XRWT DLWT W R<WT T>R M>D W RQWT BFR ;phrase;;;NP;Subj;core;NA;subject;;;
431223;22688;619198;Genesis;41;19;<LH;qal;;<LWT ;phrase;;;VP;PreC;core;regular;NA;;;
431223;22688;619199;Genesis;41;19;<LH;qal;;>XRJHN ;phrase;;;PP;Cmpl;complement;NA;*;;location;location
431233;22755;-1;Genesis;41;22;<LH;qal;<LT ;W HNH CB< CBLJM <LT B QNH >XD ML>T W VBWT ;;;;;;;;;;;
431233;22755;619228;Genesis;41;22;<LH;qal;;W ;phrase;;;CP;Conj;NA;NA;NA;;NA;NA
431233;22755;619229;Genesis;41;22;<LH;qal;;HNH ;phrase;;;InjP;Intj;NA;NA;NA;;NA;NA
431233;22755;619230;Genesis;41;22;<LH;qal;;CB< CBLJM ML>T W VBWT ;phrase;;;NP;Subj;core;NA;subject;;;
431233;22755;619231;Genesis;41;22;<LH;qal;;<LT ;phrase;;;VP;PreC;core;regular;NA;;;
431233;22755;619232;Genesis;41;22;<LH;qal;;B QNH >XD ;phrase;;;PP;Cmpl;complement;NA;*;;location;location
431250;22839;-1;Genesis;41;27;<LH;qal;<LT ;H <LT >XRJHN ;;;;;;;;;;;
431250;22839;619272;Genesis;41;27;<LH;qal;;H ;phrase;;;CP;Rela;NA;NA;NA;;NA;NA
431250;22839;619273;Genesis;41;27;<LH;qal;;<LT ;phrase;;;VP;PreC;core;regular;NA;;;
431250;22839;619274;Genesis;41;27;<LH;qal;;>XRJHN ;phrase;;;PP;Time;adjunct;NA;NA;;time;time
431788;25150;-1;Genesis;44;17;<LH;qal;<LW ;W >TM <LW L CLWM >L >BJKM ;;;;;;;;;;;
431788;25150;620857;Genesis;44;17;<LH;qal;;W ;phrase;;;CP;Conj;NA;NA;NA;;NA;NA
431788;25150;620858;Genesis;44;17;<LH;qal;;>TM ;phrase;;;PPrP;Subj;core;NA;subject;;;
431788;25150;620859;Genesis;44;17;<LH;qal;;<LW ;phrase;;;VP;Pred;core;regular;NA;;;
431788;25150;620860;Genesis;44;17;<LH;qal;;L CLWM ;phrase;;;PP;Adju;adjunct;NA;NA;;;
431788;25150;620861;Genesis;44;17;<LH;qal;;>L >BJKM ;phrase;;;PP;Cmpl;complement;NA;indirect_object;;;
431816;25264;-1;Genesis;44;24;<LH;qal;<LJNW ;KJ <LJNW >L <BDK >BJ ;;;;;;;;;;;
431816;25264;620944;Genesis;44;24;<LH;qal;;KJ ;phrase;;;CP;Conj;NA;NA;NA;;NA;NA
431816;25264;620945;Genesis;44;24;<LH;qal;;<LJNW ;phrase;;;VP;Pred;core;regular;NA;;;
431816;25264;620946;Genesis;44;24;<LH;qal;;>L <BDK >BJ ;phrase;;;PP;Cmpl;complement;NA;*;;;
431856;25429;-1;Genesis;44;33;<LH;qal;J<L ;W H N<R J<L <M >XJW ;;;;;;;;;;;
431856;25429;621061;Genesis;44;33;<LH;qal;;W ;phrase;;;CP;Conj;NA;NA;NA;;NA;NA
431856;25429;621062;Genesis;44;33;<LH;qal;;H N<R ;phrase;;;NP;Subj;core;NA;subject;;;
431856;25429;621063;Genesis;44;33;<LH;qal;;J<L ;phrase;;;VP;Pred;core;regular;NA;;;
431856;25429;621064;Genesis;44;33;<LH;qal;;<M >XJW ;phrase;;;PP;Cmpl;complement;NA;*;;;
431857;25434;-1;Genesis;44;34;<LH;qal;><LH ;KJ >JK ><LH >L >BJ ;;;;;;;;;;;
431857;25434;621065;Genesis;44;34;<LH;qal;;KJ ;phrase;;;CP;Conj;NA;NA;NA;;NA;NA
431857;25434;621066;Genesis;44;34;<LH;qal;;>JK ;phrase;;;InrP;Ques;NA;NA;NA;;NA;NA
431857;25434;621067;Genesis;44;34;<LH;qal;;><LH ;phrase;;;VP;Pred;core;regular;NA;;;
431857;25434;621068;Genesis;44;34;<LH;qal;;>L >BJ ;phrase;;;PP;Cmpl;complement;NA;indirect_object;;;
431901;25620;-1;Genesis;45;9;<LH;qal;<LW ;W <LW >L >BJ ;;;;;;;;;;;
431901;25620;621202;Genesis;45;9;<LH;qal;;W ;phrase;;;CP;Conj;NA;NA;NA;;NA;NA
431901;25620;621203;Genesis;45;9;<LH;qal;;<LW ;phrase;;;VP;Pred;core;regular;NA;;;
431901;25620;621204;Genesis;45;9;<LH;qal;;>L >BJ ;phrase;;;PP;Cmpl;complement;NA;indirect_object;;;
431961;25919;-1;Genesis;45;25;<LH;qal;J<LW ;W J<LW M MYRJM ;;;;;;;;;;;
431961;25919;621382;Genesis;45;25;<LH;qal;;W ;phrase;;;CP;Conj;NA;NA;NA;;NA;NA
431961;25919;621383;Genesis;45;25;<LH;qal;;J<LW ;phrase;;;VP;Pred;core;regular;NA;;;
431961;25919;621384;Genesis;45;25;<LH;qal;;M MYRJM ;phrase;;;PP;Cmpl;complement;NA;*;;location;location
431996;26050;-1;Genesis;46;4;<LH;hif;><LK ;W >NKJ ><LK GM <LH ;;;;;;;;;;;
431996;26050;621477;Genesis;46;4;<LH;hif;;W ;phrase;;;CP;Conj;NA;NA;NA;;NA;NA
431996;26050;621478;Genesis;46;4;<LH;hif;;>NKJ ;phrase;;;PPrP;Subj;core;NA;subject;;;
431996;26050;621479;Genesis;46;4;<LH;hif;;><LK ;phrase;;;VP;PreO;core;regular;direct_object;;;
431996;26050;621480;Genesis;46;4;<LH;hif;;GM <LH ;phrase;;;AdvP;Modi;NA;NA;NA;;NA;NA
432054;26440;-1;Genesis;46;29;<LH;qal;J<L ;W J<L GCNH ;;;;;;;;;;;
432054;26440;621655;Genesis;46;29;<LH;qal;;W ;phrase;;;CP;Conj;NA;NA;NA;;NA;NA
432054;26440;621656;Genesis;46;29;<LH;qal;;J<L ;phrase;;;VP;Pred;core;regular;NA;;;
432054;26440;621659;Genesis;46;29;<LH;qal;;GCNH ;phrase;;;AdvP;Cmpl;complement;NA;*;;location;location
432054;26440;432055;Genesis;46;29;<LH;qal;;L QR>T JFR>L >BJW ;clause;InfC;Adju;;;NA;NA;;;;
432064;26482;-1;Genesis;46;31;<LH;qal;><LH ;><LH ;;;;;;;;;;;
432064;26482;621685;Genesis;46;31;<LH;qal;;><LH ;phrase;;;VP;Pred;core;regular;NA;;;
432333;27824;-1;Genesis;49;4;<LH;qal;<LJT ;KJ <LJT MCKBJ >BJK ;;;;;;;;;;;
432333;27824;622510;Genesis;49;4;<LH;qal;;KJ ;phrase;;;CP;Conj;NA;NA;NA;;NA;NA
432333;27824;622511;Genesis;49;4;<LH;qal;;<LJT ;phrase;;;VP;Pred;core;regular;NA;;;
432333;27824;622512;Genesis;49;4;<LH;qal;;MCKBJ >BJK ;phrase;;;NP;Cmpl;complement;NA;*;;;
432335;27830;-1;Genesis;49;4;<LH;qal;<LH ;JYW<J <LH ;;;;;;;;;;;
432335;27830;622515;Genesis;49;4;<LH;qal;;JYW<J ;phrase;;;NP;Cmpl;complement;NA;*;;;
432335;27830;622516;Genesis;49;4;<LH;qal;;<LH ;phrase;;;VP;Pred;core;regular;NA;;;
432354;27891;-1;Genesis;49;9;<LH;qal;<LJT ;M VRP <LJT ;;;;;;;;;;;
432354;27891;622561;Genesis;49;9;<LH;qal;;M VRP ;phrase;;;PP;Cmpl;complement;NA;*;;;
432354;27891;622563;Genesis;49;9;<LH;qal;;<LJT ;phrase;;;VP;Pred;core;regular;NA;;;
432466;28349;-1;Genesis;50;5;<LH;qal;><LH ;><LH N> ;;;;;;;;;;;
432466;28349;622854;Genesis;50;5;<LH;qal;;><LH ;phrase;;;VP;Pred;core;regular;NA;;;
432466;28349;622855;Genesis;50;5;<LH;qal;;N> ;phrase;;;InjP;Intj;NA;NA;NA;;NA;NA
432470;28360;-1;Genesis;50;6;<LH;qal;<LH ;<LH ;;;;;;;;;;;
432470;28360;622864;Genesis;50;6;<LH;qal;;<LH ;phrase;;;VP;Pred;core;regular;NA;;;
432473;28369;-1;Genesis;50;7;<LH;qal;J<L ;W J<L JWSP ;;;;;;;;;;;
432473;28369;622870;Genesis;50;7;<LH;qal;;W ;phrase;;;CP;Conj;NA;NA;NA;;NA;NA
432473;28369;622871;Genesis;50;7;<LH;qal;;J<L ;phrase;;;VP;Pred;core;regular;NA;;;
432473;28369;622872;Genesis;50;7;<LH;qal;;JWSP ;phrase;;;PrNP;Subj;core;NA;subject;;;
432473;28369;432474;Genesis;50;7;<LH;qal;;L QBR >T >BJW ;clause;InfC;Adju;;;NA;NA;;;;
432475;28376;-1;Genesis;50;7;<LH;qal;J<LW ;W J<LW >TW KL <BDJ PR<H ZQNJ BJTW W KL ZQNJ >RY MYRJM ;;;;;;;;;;;
432475;28376;622875;Genesis;50;7;<LH;qal;;W ;phrase;;;CP;Conj;NA;NA;NA;;NA;NA
432475;28376;622876;Genesis;50;7;<LH;qal;;J<LW ;phrase;;;VP;Pred;core;regular;NA;;;
432475;28376;622877;Genesis;50;7;<LH;qal;;>TW ;phrase;;;PP;Cmpl;complement;NA;*;;;
432475;28376;622878;Genesis;50;7;<LH;qal;;KL <BDJ PR<H ZQNJ BJTW W KL ZQNJ >RY MYRJM ;phrase;;;NP;Subj;core;NA;subject;;;
432478;28408;-1;Genesis;50;9;<LH;qal;J<L ;W J<L <MW GM RKB GM PRCJM ;;;;;;;;;;;
432478;28408;622884;Genesis;50;9;<LH;qal;;W ;phrase;;;CP;Conj;NA;NA;NA;;NA;NA
432478;28408;622885;Genesis;50;9;<LH;qal;;J<L ;phrase;;;VP;Pred;core;regular;NA;;;
432478;28408;622886;Genesis;50;9;<LH;qal;;<MW ;phrase;;;PP;Cmpl;complement;NA;*;;;
432478;28408;622887;Genesis;50;9;<LH;qal;;GM RKB GM PRCJM ;phrase;;;NP;Subj;core;NA;subject;;;
432495;28522;-1;Genesis;50;14;<LH;qal;<LJM ;H <LJM >TW ;;;;;;;;;;;
432495;28522;622949;Genesis;50;14;<LH;qal;;H ;phrase;;;CP;Rela;NA;NA;NA;;NA;NA
432495;28522;622950;Genesis;50;14;<LH;qal;;<LJM ;phrase;;;VP;PreC;core;regular;NA;;;
432495;28522;622951;Genesis;50;14;<LH;qal;;>TW ;phrase;;;PP;Cmpl;complement;NA;*;;;
432495;28522;432496;Genesis;50;14;<LH;qal;;L QBR >T >BJW ;clause;InfC;Adju;;;NA;NA;;;;
432539;28704;-1;Genesis;50;24;<LH;hif;H<LH ;W H<LH >TKM MN H >RY H Z>T >L H >RY ;;;;;;;;;;;
432539;28704;623076;Genesis;50;24;<LH;hif;;W ;phrase;;;CP;Conj;NA;NA;NA;;NA;NA
432539;28704;623077;Genesis;50;24;<LH;hif;;H<LH ;phrase;;;VP;Pred;core;regular;NA;;;
432539;28704;623078;Genesis;50;24;<LH;hif;;>TKM ;phrase;;;PP;Objc;complement;NA;direct_object;;;
432539;28704;623079;Genesis;50;24;<LH;hif;;MN H >RY H Z>T ;phrase;;;PP;Cmpl;complement;NA;*;;location;location
432539;28704;623080;Genesis;50;24;<LH;hif;;>L H >RY ;phrase;;;PP;Cmpl;complement;NA;*;;location;location
432544;28736;-1;Genesis;50;25;<LH;hif;H<LTM ;W H<LTM >T <YMTJ M ZH ;;;;;;;;;;;
432544;28736;623093;Genesis;50;25;<LH;hif;;W ;phrase;;;CP;Conj;NA;NA;NA;;NA;NA
432544;28736;623094;Genesis;50;25;<LH;hif;;H<LTM ;phrase;;;VP;Pred;core;regular;NA;;;
432544;28736;623095;Genesis;50;25;<LH;hif;;>T <YMTJ ;phrase;;;PP;Objc;complement;NA;direct_object;;;
432544;28736;623096;Genesis;50;25;<LH;hif;;M ZH ;phrase;;;PP;Cmpl;complement;NA;*;;;
432573;28875;-1;Exodus;1;10;<LH;qal;<LH ;W <LH MN H >RY ;;;;;;;;;;;
432573;28875;623177;Exodus;1;10;<LH;qal;;W ;phrase;;;CP;Conj;NA;NA;NA;;NA;NA
432573;28875;623178;Exodus;1;10;<LH;qal;;<LH ;phrase;;;VP;Pred;core;regular;NA;;;
432573;28875;623179;Exodus;1;10;<LH;qal;;MN H >RY ;phrase;;;PP;Cmpl;complement;NA;*;;location;location
432732;29585;-1;Exodus;2;23;<LH;qal;T<L ;W T<L CW<TM >L H >LHJM MN H <BDH ;;;;;;;;;;;
432732;29585;623641;Exodus;2;23;<LH;qal;;W ;phrase;;;CP;Conj;NA;NA;NA;;NA;NA
432732;29585;623642;Exodus;2;23;<LH;qal;;T<L ;phrase;;;VP;Pred;core;regular;NA;;;
432732;29585;623643;Exodus;2;23;<LH;qal;;CW<TM ;phrase;;;NP;Subj;core;NA;subject;;;
432732;29585;623644;Exodus;2;23;<LH;qal;;>L H >LHJM ;phrase;;;PP;Cmpl;complement;NA;*;;;
432732;29585;623645;Exodus;2;23;<LH;qal;;MN H <BDH ;phrase;;;PP;Adju;adjunct;NA;NA;;;
432776;29786;-1;Exodus;3;8;<LH;hif;H<LTW ;W L H<LTW MN H >RY H HW> >L >RY VWBH W RXBH >L >RY ZBT XLB W DBC >L MQWM H KN<NJ W H XTJ W H >MRJ W H PRZJ W H XWJ W H JBWSJ ;;;;;;;;;;;
432776;29786;623768;Exodus;3;8;<LH;hif;;W ;phrase;;;CP;Conj;NA;NA;NA;;NA;NA
432776;29786;623769;Exodus;3;8;<LH;hif;;L H<LTW ;phrase;;;VP;PreO;core;regular;direct_object;;;
432776;29786;623770;Exodus;3;8;<LH;hif;;MN H >RY H HW> ;phrase;;;PP;Cmpl;complement;NA;*;;location;location
432776;29786;623771;Exodus;3;8;<LH;hif;;>L >RY VWBH W RXBH >L >RY ZBT XLB W DBC >L MQWM H KN<NJ W H XTJ W H >MRJ W H PRZJ W H XWJ W H JBWSJ ;phrase;;;PP;Cmpl;complement;NA;*;;location;location
432823;30015;-1;Exodus;3;17;<LH;hif;><LH ;><LH >TKM M <NJ MYRJM >L >RY H KN<NJ W H XTJ W H >MRJ W H PRZJ W H XWJ W H JBWSJ >L >RY ZBT XLB W DBC ;;;;;;;;;;;
432823;30015;623905;Exodus;3;17;<LH;hif;;><LH ;phrase;;;VP;Pred;core;regular;NA;;;
432823;30015;623906;Exodus;3;17;<LH;hif;;>TKM ;phrase;;;PP;Objc;complement;NA;direct_object;;;
432823;30015;623907;Exodus;3;17;<LH;hif;;M <NJ MYRJM ;phrase;;;PP;Cmpl;complement;NA;*;;location;location
432823;30015;623908;Exodus;3;17;<LH;hif;;>L >RY H KN<NJ W H XTJ W H >MRJ W H PRZJ W H XWJ W H JBWSJ >L >RY ZBT XLB W DBC ;phrase;;;PP;Cmpl;complement;NA;*;;location;location
433316;32347;-1;Exodus;7;28;<LH;qal;<LW ;W <LW ;;;;;;;;;;;
433316;32347;625362;Exodus;7;28;<LH;qal;;W ;phrase;;;CP;Conj;NA;NA;NA;;NA;NA
433316;32347;625363;Exodus;7;28;<LH;qal;;<LW ;phrase;;;VP;Pred;core;regular;NA;;;
433318;32381;-1;Exodus;7;29;<LH;qal;J<LW ;W BKH W B <MK W B KL <BDJK J<LW H YPRD<JM ;;;;;;;;;;;
433318;32381;625367;Exodus;7;29;<LH;qal;;W ;phrase;;;CP;Conj;NA;NA;NA;;NA;NA
433318;32381;625368;Exodus;7;29;<LH;qal;;BKH W B <MK W B KL <BDJK ;phrase;;;PP;Cmpl;complement;NA;*;;location;location
433318;32381;625369;Exodus;7;29;<LH;qal;;J<LW ;phrase;;;VP;Pred;core;regular;NA;;;
433318;32381;625370;Exodus;7;29;<LH;qal;;H YPRD<JM ;phrase;;;NP;Subj;core;NA;subject;;;
433322;32408;-1;Exodus;8;1;<LH;hif;H<L ;W H<L >T H YPRD<JM <L >RY MYRJM ;;;;;;;;;;;
433322;32408;625381;Exodus;8;1;<LH;hif;;W ;phrase;;;CP;Conj;NA;NA;NA;;NA;NA
433322;32408;625382;Exodus;8;1;<LH;hif;;H<L ;phrase;;;VP;Pred;core;regular;NA;;;
433322;32408;625383;Exodus;8;1;<LH;hif;;>T H YPRD<JM ;phrase;;;PP;Objc;complement;NA;direct_object;;;
433322;32408;625384;Exodus;8;1;<LH;hif;;<L >RY MYRJM ;phrase;;;PP;Cmpl;complement;NA;*;;location;location
433324;32424;-1;Exodus;8;2;<LH;qal;T<L ;W T<L H YPRD< ;;;;;;;;;;;
433324;32424;625390;Exodus;8;2;<LH;qal;;W ;phrase;;;CP;Conj;NA;NA;NA;;NA;NA
433324;32424;625391;Exodus;8;2;<LH;qal;;T<L ;phrase;;;VP;Pred;core;regular;NA;;;
433324;32424;625392;Exodus;8;2;<LH;qal;;H YPRD< ;phrase;;;NP;Subj;core;NA;subject;;;
433327;32440;-1;Exodus;8;3;<LH;hif;J<LW ;W J<LW >T H YPRD<JM <L >RY MYRJM ;;;;;;;;;;;
433327;32440;625401;Exodus;8;3;<LH;hif;;W ;phrase;;;CP;Conj;NA;NA;NA;;NA;NA
433327;32440;625402;Exodus;8;3;<LH;hif;;J<LW ;phrase;;;VP;Pred;core;regular;NA;;;
433327;32440;625403;Exodus;8;3;<LH;hif;;>T H YPRD<JM ;phrase;;;PP;Objc;complement;NA;direct_object;;;
433327;32440;625404;Exodus;8;3;<LH;hif;;<L >RY MYRJM ;phrase;;;PP;Cmpl;complement;NA;*;;location;location
433635;34069;-1;Exodus;10;12;<LH;qal;J<L ;W J<L <L >RY MYRJM ;;;;;;;;;;;
433635;34069;626353;Exodus;10;12;<LH;qal;;W ;phrase;;;CP;Conj;NA;NA;NA;;NA;NA
433635;34069;626354;Exodus;10;12;<LH;qal;;J<L ;phrase;;;VP;Pred;core;regular;NA;;;
433635;34069;626355;Exodus;10;12;<LH;qal;;<L >RY MYRJM ;phrase;;;PP;Cmpl;complement;NA;*;;location;location
433642;34123;-1;Exodus;10;14;<LH;qal;J<L ;W J<L H >RBH <L KL >RY MYRJM ;;;;;;;;;;;
433642;34123;626380;Exodus;10;14;<LH;qal;;W ;phrase;;;CP;Conj;NA;NA;NA;;NA;NA
433642;34123;626381;Exodus;10;14;<LH;qal;;J<L ;phrase;;;VP;Pred;core;regular;NA;;;
433642;34123;626382;Exodus;10;14;<LH;qal;;H >RBH ;phrase;;;NP;Subj;core;NA;subject;;;
433642;34123;626383;Exodus;10;14;<LH;qal;;<L KL >RY MYRJM ;phrase;;;PP;Cmpl;complement;NA;*;;location;location
433889;35519;-1;Exodus;12;38;<LH;qal;<LH ;W GM <RB RB <LH >TM W Y>N W BQR MQNH KBD M>D ;;;;;;;;;;;
433889;35519;627172;Exodus;12;38;<LH;qal;;W ;phrase;;;CP;Conj;NA;NA;NA;;NA;NA
433889;35519;627173;Exodus;12;38;<LH;qal;;GM <RB RB W Y>N W BQR MQNH KBD M>D ;phrase;;;NP;Subj;core;NA;subject;;;
433889;35519;627174;Exodus;12;38;<LH;qal;;<LH ;phrase;;;VP;Pred;core;regular;NA;;;
433889;35519;627175;Exodus;12;38;<LH;qal;;>TM ;phrase;;;PP;Cmpl;complement;NA;*;;;
433994;36141;-1;Exodus;13;18;<LH;qal;<LW ;W XMCJM <LW BNJ JFR>L M >RY MYRJM ;;;;;;;;;;;
433994;36141;627518;Exodus;13;18;<LH;qal;;W ;phrase;;;CP;Conj;NA;NA;NA;;NA;NA
433994;36141;627519;Exodus;13;18;<LH;qal;;XMCJM ;phrase;;;AdjP;PrAd;adjunct;NA;NA;;;
433994;36141;627520;Exodus;13;18;<LH;qal;;<LW ;phrase;;;VP;Pred;core;regular;NA;;;
433994;36141;627521;Exodus;13;18;<LH;qal;;BNJ JFR>L ;phrase;;;NP;Subj;core;NA;subject;;;
433994;36141;627522;Exodus;13;18;<LH;qal;;M >RY MYRJM ;phrase;;;PP;Cmpl;complement;NA;*;;location;location
433999;36167;-1;Exodus;13;19;<LH;hif;H<LJTM ;W H<LJTM >T <YMTJ M ZH >TKM ;;;;;;;;;;;
433999;36167;627537;Exodus;13;19;<LH;hif;;W ;phrase;;;CP;Conj;NA;NA;NA;;NA;NA
433999;36167;627538;Exodus;13;19;<LH;hif;;H<LJTM ;phrase;;;VP;Pred;core;regular;NA;;;
433999;36167;627539;Exodus;13;19;<LH;hif;;>T <YMTJ ;phrase;;;PP;Objc;complement;NA;direct_object;;;
433999;36167;627540;Exodus;13;19;<LH;hif;;M ZH ;phrase;;;PP;Cmpl;complement;NA;*;;;
433999;36167;627541;Exodus;13;19;<LH;hif;;>TKM ;phrase;;;PP;Adju;adjunct;NA;NA;;;
434310;37640;-1;Exodus;16;13;<LH;qal;T<L ;W T<L H FLW ;;;;;;;;;;;
434310;37640;628442;Exodus;16;13;<LH;qal;;W ;phrase;;;CP;Conj;NA;NA;NA;;NA;NA
434310;37640;628443;Exodus;16;13;<LH;qal;;T<L ;phrase;;;VP;Pred;core;regular;NA;;;
434310;37640;628444;Exodus;16;13;<LH;qal;;H FLW ;phrase;;;NP;Subj;core;NA;subject;;;
434313;37661;-1;Exodus;16;14;<LH;qal;T<L ;W T<L CKBT H VL ;;;;;;;;;;;
434313;37661;628453;Exodus;16;14;<LH;qal;;W ;phrase;;;CP;Conj;NA;NA;NA;;NA;NA
434313;37661;628454;Exodus;16;14;<LH;qal;;T<L ;phrase;;;VP;Pred;core;regular;NA;;;
434313;37661;628455;Exodus;16;14;<LH;qal;;CKBT H VL ;phrase;;;NP;Subj;core;NA;subject;;;
434430;38185;-1;Exodus;17;3;<LH;hif;H<LJTNW ;LMH ZH H<LJTNW M MYRJM ;;;;;;;;;;;
434430;38185;628797;Exodus;17;3;<LH;hif;;LMH ZH ;phrase;;;InrP;Ques;NA;NA;NA;;NA;NA
434430;38185;628798;Exodus;17;3;<LH;hif;;H<LJTNW ;phrase;;;VP;PreO;core;regular;principal_direct_object;;;
434430;38185;628799;Exodus;17;3;<LH;hif;;M MYRJM ;phrase;;;PP;Cmpl;complement;NA;*;;location;location
434430;38185;434431;Exodus;17;3;<LH;hif;;L HMJT >TJ W >T BNJ W >T MQNJ B  YM> ;clause;InfC;Adju;;;NA;NA;infinitive_object;;;
434465;38356;-1;Exodus;17;10;<LH;qal;<LW ;W MCH >HRN W XWR <LW R>C H GB<H ;;;;;;;;;;;
434465;38356;628904;Exodus;17;10;<LH;qal;;W ;phrase;;;CP;Conj;NA;NA;NA;;NA;NA
434465;38356;628905;Exodus;17;10;<LH;qal;;MCH >HRN W XWR ;phrase;;;PrNP;Subj;core;NA;subject;;;
434465;38356;628906;Exodus;17;10;<LH;qal;;<LW ;phrase;;;VP;Pred;core;regular;NA;;;
434465;38356;628907;Exodus;17;10;<LH;qal;;R>C H GB<H ;phrase;;;NP;Cmpl;complement;NA;*;;;
434601;39090;-1;Exodus;19;3;<LH;qal;<LH ;W MCH <LH >L H >LHJM ;;;;;;;;;;;
434601;39090;629341;Exodus;19;3;<LH;qal;;W ;phrase;;;CP;Conj;NA;NA;NA;;NA;NA
434601;39090;629342;Exodus;19;3;<LH;qal;;MCH ;phrase;;;PrNP;Subj;core;NA;subject;;;
434601;39090;629343;Exodus;19;3;<LH;qal;;<LH ;phrase;;;VP;Pred;core;regular;NA;;;
434601;39090;629344;Exodus;19;3;<LH;qal;;>L H >LHJM ;phrase;;;PP;Cmpl;complement;NA;*;;;
434642;39302;-1;Exodus;19;12;<LH;qal;<LWT ;<LWT B  HR ;;;;;;;;;;;
434642;39302;629478;Exodus;19;12;<LH;qal;;<LWT ;phrase;;;VP;Pred;core;regular;NA;;;
434642;39302;629479;Exodus;19;12;<LH;qal;;B  HR ;phrase;;;PP;Cmpl;complement;NA;*;;location;location
434642;39302;434643;Exodus;19;12;<LH;qal;;W NG< B QYHW ;clause;InfC;Coor;;;NA;NA;;;;
434653;39339;-1;Exodus;19;13;<LH;qal;J<LW ;HMH J<LW B  HR ;;;;;;;;;;;
434653;39339;629507;Exodus;19;13;<LH;qal;;HMH ;phrase;;;PPrP;Subj;core;NA;subject;;;
434653;39339;629508;Exodus;19;13;<LH;qal;;J<LW ;phrase;;;VP;Pred;core;regular;NA;;;
434653;39339;629509;Exodus;19;13;<LH;qal;;B  HR ;phrase;;;PP;Cmpl;complement;NA;*;;location;location
434653;39339;434652;Exodus;19;13;<LH;qal;;B MCK H JBL ;clause;InfC;Adju;;;NA;NA;;;;
434672;39444;-1;Exodus;19;18;<LH;qal;J<L ;W J<L <CNW K <CN H KBCN ;;;;;;;;;;;
434672;39444;629564;Exodus;19;18;<LH;qal;;W ;phrase;;;CP;Conj;NA;NA;NA;;NA;NA
434672;39444;629565;Exodus;19;18;<LH;qal;;J<L ;phrase;;;VP;Pred;core;regular;NA;;;
434672;39444;629566;Exodus;19;18;<LH;qal;;<CNW ;phrase;;;NP;Subj;core;NA;subject;;;
434672;39444;629567;Exodus;19;18;<LH;qal;;K <CN H KBCN ;phrase;;;PP;Adju;adjunct;NA;NA;;;
434681;39493;-1;Exodus;19;20;<LH;qal;J<L ;W J<L MCH ;;;;;;;;;;;
434681;39493;629594;Exodus;19;20;<LH;qal;;W ;phrase;;;CP;Conj;NA;NA;NA;;NA;NA
434681;39493;629595;Exodus;19;20;<LH;qal;;J<L ;phrase;;;VP;Pred;core;regular;NA;;;
434681;39493;629596;Exodus;19;20;<LH;qal;;MCH ;phrase;;;PrNP;Subj;core;NA;subject;;;
434693;39538;-1;Exodus;19;23;<LH;qal;<LT ;L <LT >L HR SJNJ ;;;;;;;;;;;
434693;39538;629629;Exodus;19;23;<LH;qal;;L <LT ;phrase;;;VP;Pred;core;regular;NA;;;
434693;39538;629630;Exodus;19;23;<LH;qal;;>L HR SJNJ ;phrase;;;PP;Cmpl;complement;NA;*;;location;location
434701;39561;-1;Exodus;19;24;<LH;qal;<LJT ;W <LJT >TH W >HRN <MK ;;;;;;;;;;;
434701;39561;629646;Exodus;19;24;<LH;qal;;W ;phrase;;;CP;Conj;NA;NA;NA;;NA;NA
434701;39561;629647;Exodus;19;24;<LH;qal;;<LJT ;phrase;;;VP;Pred;core;regular;NA;;;
434701;39561;629648;Exodus;19;24;<LH;qal;;>TH W >HRN <MK ;phrase;;;PPrP;Subj;core;NA;subject;;;
434703;39575;-1;Exodus;19;24;<LH;qal;<LT ;L <LT >L JHWH ;;;;;;;;;;;
434703;39575;629653;Exodus;19;24;<LH;qal;;L <LT ;phrase;;;VP;Pred;core;regular;NA;;;
434703;39575;629654;Exodus;19;24;<LH;qal;;>L JHWH ;phrase;;;PP;Cmpl;complement;NA;indirect_object;;;
434781;40000;-1;Exodus;20;26;<LH;qal;T<LH ;W L> T<LH B M<LT <L MZBXJ ;;;;;;;;;;;
434781;40000;629892;Exodus;20;26;<LH;qal;;W ;phrase;;;CP;Conj;NA;NA;NA;;NA;NA
434781;40000;629893;Exodus;20;26;<LH;qal;;L> ;phrase;;;NegP;Nega;NA;NA;NA;;NA;NA
434781;40000;629894;Exodus;20;26;<LH;qal;;T<LH ;phrase;;;VP;Pred;core;regular;NA;;;
434781;40000;629895;Exodus;20;26;<LH;qal;;B M<LT ;phrase;;;PP;Loca;adjunct;NA;NA;;location;location
434781;40000;629896;Exodus;20;26;<LH;qal;;<L MZBXJ ;phrase;;;PP;Cmpl;complement;NA;*;;location;location
435128;41600;-1;Exodus;24;1;<LH;qal;<LH ;<LH >L JHWH >TH W >HRN NDB W >BJHW> W CB<JM M ZQNJ JFR>L ;;;;;;;;;;;
435128;41600;630986;Exodus;24;1;<LH;qal;;<LH ;phrase;;;VP;Pred;core;regular;NA;;;
435128;41600;630987;Exodus;24;1;<LH;qal;;>L JHWH ;phrase;;;PP;Cmpl;complement;NA;indirect_object;;;
435128;41600;630988;Exodus;24;1;<LH;qal;;>TH W >HRN NDB W >BJHW> W CB<JM M ZQNJ JFR>L ;phrase;;;PPrP;Subj;core;NA;subject;;;
435132;41633;-1;Exodus;24;2;<LH;qal;J<LW ;W H <M L> J<LW <MW ;;;;;;;;;;;
435132;41633;631001;Exodus;24;2;<LH;qal;;W ;phrase;;;CP;Conj;NA;NA;NA;;NA;NA
435132;41633;631002;Exodus;24;2;<LH;qal;;H <M ;phrase;;;NP;Subj;core;NA;subject;;;
435132;41633;631003;Exodus;24;2;<LH;qal;;L> ;phrase;;;NegP;Nega;NA;NA;NA;;NA;NA
435132;41633;631004;Exodus;24;2;<LH;qal;;J<LW ;phrase;;;VP;Pred;core;regular;NA;;;
435132;41633;631005;Exodus;24;2;<LH;qal;;<MW ;phrase;;;PP;Adju;adjunct;NA;NA;;;
435144;41702;-1;Exodus;24;5;<LH;hif;J<LW ;W J<LW <LT ;;;;;;;;;;;
435144;41702;631041;Exodus;24;5;<LH;hif;;W ;phrase;;;CP;Conj;NA;NA;NA;;NA;NA
435144;41702;631042;Exodus;24;5;<LH;hif;;J<LW ;phrase;;;VP;Pred;core;regular;NA;;;
435144;41702;631043;Exodus;24;5;<LH;hif;;<LT ;phrase;;;NP;Objc;complement;NA;direct_object;;;
435160;41778;-1;Exodus;24;9;<LH;qal;J<L ;W J<L MCH W >HRN NDB W >BJHW> W CB<JM M ZQNJ JFR>L ;;;;;;;;;;;
435160;41778;631091;Exodus;24;9;<LH;qal;;W ;phrase;;;CP;Conj;NA;NA;NA;;NA;NA
435160;41778;631092;Exodus;24;9;<LH;qal;;J<L ;phrase;;;VP;Pred;core;regular;NA;;;
435160;41778;631093;Exodus;24;9;<LH;qal;;MCH W >HRN NDB W >BJHW> W CB<JM M ZQNJ JFR>L ;phrase;;;PrNP;Subj;core;NA;subject;;;
435169;41832;-1;Exodus;24;12;<LH;qal;<LH ;<LH >LJ H HRH ;;;;;;;;;;;
435169;41832;631119;Exodus;24;12;<LH;qal;;<LH ;phrase;;;VP;Pred;core;regular;NA;;;
435169;41832;631120;Exodus;24;12;<LH;qal;;>LJ ;phrase;;;PP;Cmpl;complement;NA;indirect_object;;;
435169;41832;631121;Exodus;24;12;<LH;qal;;H HRH ;phrase;;;AdvP;Loca;adjunct;NA;NA;;location;location
435175;41863;-1;Exodus;24;13;<LH;qal;J<L ;W J<L MCH >L HR H >LHJM ;;;;;;;;;;;
435175;41863;631135;Exodus;24;13;<LH;qal;;W ;phrase;;;CP;Conj;NA;NA;NA;;NA;NA
435175;41863;631136;Exodus;24;13;<LH;qal;;J<L ;phrase;;;VP;Pred;core;regular;NA;;;
435175;41863;631137;Exodus;24;13;<LH;qal;;MCH ;phrase;;;PrNP;Subj;core;NA;subject;;;
435175;41863;631138;Exodus;24;13;<LH;qal;;>L HR H >LHJM ;phrase;;;PP;Cmpl;complement;NA;*;;location;location
435183;41894;-1;Exodus;24;15;<LH;qal;J<L ;W J<L MCH >L H HR ;;;;;;;;;;;
435183;41894;631156;Exodus;24;15;<LH;qal;;W ;phrase;;;CP;Conj;NA;NA;NA;;NA;NA
435183;41894;631157;Exodus;24;15;<LH;qal;;J<L ;phrase;;;VP;Pred;core;regular;NA;;;
435183;41894;631158;Exodus;24;15;<LH;qal;;MCH ;phrase;;;PrNP;Subj;core;NA;subject;;;
435183;41894;631159;Exodus;24;15;<LH;qal;;>L H HR ;phrase;;;PP;Cmpl;complement;NA;*;;location;location
435190;41955;-1;Exodus;24;18;<LH;qal;J<L ;W J<L >L H HR ;;;;;;;;;;;
435190;41955;631186;Exodus;24;18;<LH;qal;;W ;phrase;;;CP;Conj;NA;NA;NA;;NA;NA
435190;41955;631187;Exodus;24;18;<LH;qal;;J<L ;phrase;;;VP;Pred;core;regular;NA;;;
435190;41955;631188;Exodus;24;18;<LH;qal;;>L H HR ;phrase;;;PP;Cmpl;complement;NA;*;;location;location
435290;42564;-1;Exodus;25;37;<LH;hif;H<LH ;W H<LH >T NRTJH ;;;;;;;;;;;
435290;42564;631501;Exodus;25;37;<LH;hif;;W ;phrase;;;CP;Conj;NA;NA;NA;;NA;NA
435290;42564;631502;Exodus;25;37;<LH;hif;;H<LH ;phrase;;;VP;Pred;core;regular;NA;;;
435290;42564;631503;Exodus;25;37;<LH;hif;;>T NRTJH ;phrase;;;PP;Objc;complement;NA;direct_object;;;
435453;43680;-1;Exodus;27;20;<LH;hif;H<LT ;L H<LT NR TMJD ;;;;;;;;;;;
435453;43680;632025;Exodus;27;20;<LH;hif;;L H<LT ;phrase;;;VP;Pred;core;regular;NA;;;
435453;43680;632026;Exodus;27;20;<LH;hif;;NR TMJD ;phrase;;;NP;Objc;complement;NA;direct_object;;;
435741;45637;-1;Exodus;30;8;<LH;hif;H<LT ;B H<LT >HRN >T H NRT BJN H <RBJM ;;;;;;;;;;;
435741;45637;632955;Exodus;30;8;<LH;hif;;B H<LT ;phrase;;;VP;Pred;core;regular;NA;;;
435741;45637;632956;Exodus;30;8;<LH;hif;;>HRN ;phrase;;;PrNP;Subj;core;NA;subject;;;
435741;45637;632957;Exodus;30;8;<LH;hif;;>T H NRT ;phrase;;;PP;Objc;complement;NA;direct_object;;;
435741;45637;632958;Exodus;30;8;<LH;hif;;BJN H <RBJM ;phrase;;;PP;Time;adjunct;NA;NA;;time;time
435744;45654;-1;Exodus;30;9;<LH;hif;T<LW ;L> T<LW <LJW QVRT ZRH W <LH W MNXH ;;;;;;;;;;;
435744;45654;632963;Exodus;30;9;<LH;hif;;L> ;phrase;;;NegP;Nega;NA;NA;NA;;NA;NA
435744;45654;632964;Exodus;30;9;<LH;hif;;T<LW ;phrase;;;VP;Pred;core;regular;NA;;;
435744;45654;632965;Exodus;30;9;<LH;hif;;<LJW ;phrase;;;PP;Cmpl;complement;NA;*;;;
435744;45654;632966;Exodus;30;9;<LH;hif;;QVRT ZRH W <LH W MNXH ;phrase;;;NP;Objc;complement;NA;direct_object;;;
435898;46534;-1;Exodus;32;1;<LH;hif;H<LNW ;>CR H<LNW M >RY MYRJM ;;;;;;;;;;;
435898;46534;633402;Exodus;32;1;<LH;hif;;>CR ;phrase;;;CP;Rela;NA;NA;NA;;NA;NA
435898;46534;633403;Exodus;32;1;<LH;hif;;H<LNW ;phrase;;;VP;PreO;core;regular;direct_object;;;
435898;46534;633404;Exodus;32;1;<LH;hif;;M >RY MYRJM ;phrase;;;PP;Cmpl;complement;NA;*;;location;location
435914;46597;-1;Exodus;32;4;<LH;hif;H<LWK ;>CR H<LWK M >RY MYRJM ;;;;;;;;;;;
435914;46597;633445;Exodus;32;4;<LH;hif;;>CR ;phrase;;;CP;Rela;NA;NA;NA;;NA;NA
435914;46597;633446;Exodus;32;4;<LH;hif;;H<LWK ;phrase;;;VP;PreO;core;regular;direct_object;;;
435914;46597;633447;Exodus;32;4;<LH;hif;;M >RY MYRJM ;phrase;;;PP;Cmpl;complement;NA;*;;location;location
435921;46623;-1;Exodus;32;6;<LH;hif;J<LW ;W J<LW <LT ;;;;;;;;;;;
435921;46623;633466;Exodus;32;6;<LH;hif;;W ;phrase;;;CP;Conj;NA;NA;NA;;NA;NA
435921;46623;633467;Exodus;32;6;<LH;hif;;J<LW ;phrase;;;VP;Pred;core;regular;NA;;;
435921;46623;633468;Exodus;32;6;<LH;hif;;<LT ;phrase;;;NP;Objc;complement;NA;direct_object;;;
435932;46651;-1;Exodus;32;7;<LH;hif;H<LJT ;>CR H<LJT M >RY MYRJM ;;;;;;;;;;;
435932;46651;633490;Exodus;32;7;<LH;hif;;>CR ;phrase;;;CP;Rela;NA;NA;NA;;NA;NA
435932;46651;633491;Exodus;32;7;<LH;hif;;H<LJT ;phrase;;;VP;Pred;core;regular;NA;;;
435932;46651;633492;Exodus;32;7;<LH;hif;;M >RY MYRJM ;phrase;;;PP;Cmpl;complement;NA;*;;location;location
435941;46678;-1;Exodus;32;8;<LH;hif;H<LWK ;>CR H<LWK M >RY MYRJM ;;;;;;;;;;;
435941;46678;633512;Exodus;32;8;<LH;hif;;>CR ;phrase;;;CP;Rela;NA;NA;NA;;NA;NA
435941;46678;633513;Exodus;32;8;<LH;hif;;H<LWK ;phrase;;;VP;PreO;core;regular;direct_object;;;
435941;46678;633514;Exodus;32;8;<LH;hif;;M >RY MYRJM ;phrase;;;PP;Cmpl;complement;NA;*;;location;location
436014;47010;-1;Exodus;32;23;<LH;hif;H<LNW ;>CR H<LNW M >RY MYRJM ;;;;;;;;;;;
436014;47010;633717;Exodus;32;23;<LH;hif;;>CR ;phrase;;;CP;Rela;NA;NA;NA;;NA;NA
436014;47010;633718;Exodus;32;23;<LH;hif;;H<LNW ;phrase;;;VP;PreO;core;regular;direct_object;;;
436014;47010;633719;Exodus;32;23;<LH;hif;;M >RY MYRJM ;phrase;;;PP;Cmpl;complement;NA;*;;location;location
436051;47171;-1;Exodus;32;30;<LH;qal;><LH ;><LH >L JHWH ;;;;;;;;;;;
436051;47171;633827;Exodus;32;30;<LH;qal;;><LH ;phrase;;;VP;Pred;core;regular;NA;;;
436051;47171;633828;Exodus;32;30;<LH;qal;;>L JHWH ;phrase;;;PP;Cmpl;complement;NA;indirect_object;;;
436079;47269;-1;Exodus;33;1;<LH;qal;<LH ;<LH M ZH >TH W H <M >L H >RY ;;;;;;;;;;;
436079;47269;633902;Exodus;33;1;<LH;qal;;<LH ;phrase;;;VP;Pred;core;regular;NA;;;
436079;47269;633903;Exodus;33;1;<LH;qal;;M ZH ;phrase;;;PP;Adju;adjunct;NA;NA;;;
436079;47269;633904;Exodus;33;1;<LH;qal;;>TH W H <M ;phrase;;;PPrP;Subj;core;NA;subject;;;
436079;47269;633908;Exodus;33;1;<LH;qal;;>L H >RY ;phrase;;;PP;Cmpl;complement;NA;*;;location;location
436080;47277;-1;Exodus;33;1;<LH;hif;H<LJT ;>CR H<LJT M >RY MYRJM ;;;;;;;;;;;
436080;47277;633905;Exodus;33;1;<LH;hif;;>CR ;phrase;;;CP;Rela;NA;NA;NA;;NA;NA
436080;47277;633906;Exodus;33;1;<LH;hif;;H<LJT ;phrase;;;VP;Pred;core;regular;NA;;;
436080;47277;633907;Exodus;33;1;<LH;hif;;M >RY MYRJM ;phrase;;;PP;Cmpl;complement;NA;*;;location;location
436086;47329;-1;Exodus;33;3;<LH;qal;><LH ;KJ L> ><LH B QRBK ;;;;;;;;;;;
436086;47329;633923;Exodus;33;3;<LH;qal;;KJ ;phrase;;;CP;Conj;NA;NA;NA;;NA;NA
436086;47329;633924;Exodus;33;3;<LH;qal;;L> ;phrase;;;NegP;Nega;NA;NA;NA;;NA;NA
436086;47329;633925;Exodus;33;3;<LH;qal;;><LH ;phrase;;;VP;Pred;core;regular;NA;;;
436086;47329;633926;Exodus;33;3;<LH;qal;;B QRBK ;phrase;;;PP;Loca;adjunct;NA;NA;;location;location
436096;47376;-1;Exodus;33;5;<LH;qal;><LH ;RG< >XD ><LH B QRBK ;;;;;;;;;;;
436096;47376;633953;Exodus;33;5;<LH;qal;;RG< >XD ;phrase;;;NP;Time;adjunct;NA;NA;;time;time
436096;47376;633954;Exodus;33;5;<LH;qal;;><LH ;phrase;;;VP;Pred;core;regular;NA;;;
436096;47376;633955;Exodus;33;5;<LH;qal;;B QRBK ;phrase;;;PP;Loca;adjunct;NA;NA;;location;location
436135;47547;-1;Exodus;33;12;<LH;hif;H<L ;H<L >T H <M H ZH ;;;;;;;;;;;
436135;47547;634063;Exodus;33;12;<LH;hif;;H<L ;phrase;;;VP;Pred;core;regular;NA;;;
436135;47547;634064;Exodus;33;12;<LH;hif;;>T H <M H ZH ;phrase;;;PP;Objc;complement;NA;direct_object;;;
436153;47615;-1;Exodus;33;15;<LH;hif;T<LNW ;>L T<LNW M ZH ;;;;;;;;;;;
436153;47615;634117;Exodus;33;15;<LH;hif;;>L ;phrase;;;NegP;Nega;NA;NA;NA;;NA;NA
436153;47615;634118;Exodus;33;15;<LH;hif;;T<LNW ;phrase;;;VP;PreO;core;regular;direct_object;;;
436153;47615;634119;Exodus;33;15;<LH;hif;;M ZH ;phrase;;;PP;Cmpl;complement;NA;*;;;
436196;47796;-1;Exodus;34;2;<LH;qal;<LJT ;W <LJT B  BQR >L HR SJNJ ;;;;;;;;;;;
436196;47796;634241;Exodus;34;2;<LH;qal;;W ;phrase;;;CP;Conj;NA;NA;NA;;NA;NA
436196;47796;634242;Exodus;34;2;<LH;qal;;<LJT ;phrase;;;VP;Pred;core;regular;NA;;;
436196;47796;634243;Exodus;34;2;<LH;qal;;B  BQR ;phrase;;;PP;Time;adjunct;NA;NA;;time;time
436196;47796;634244;Exodus;34;2;<LH;qal;;>L HR SJNJ ;phrase;;;PP;Cmpl;complement;NA;*;;location;location
436198;47814;-1;Exodus;34;3;<LH;qal;J<LH ;W >JC L> J<LH <MK ;;;;;;;;;;;
436198;47814;634250;Exodus;34;3;<LH;qal;;W ;phrase;;;CP;Conj;NA;NA;NA;;NA;NA
436198;47814;634251;Exodus;34;3;<LH;qal;;>JC ;phrase;;;NP;Subj;core;NA;subject;;;
436198;47814;634252;Exodus;34;3;<LH;qal;;L> ;phrase;;;NegP;Nega;NA;NA;NA;;NA;NA
436198;47814;634253;Exodus;34;3;<LH;qal;;J<LH ;phrase;;;VP;Pred;core;regular;NA;;;
436198;47814;634254;Exodus;34;3;<LH;qal;;<MK ;phrase;;;PP;Cmpl;complement;NA;*;;;
436203;47854;-1;Exodus;34;4;<LH;qal;J<L ;W J<L >L HR SJNJ ;;;;;;;;;;;
436203;47854;634272;Exodus;34;4;<LH;qal;;W ;phrase;;;CP;Conj;NA;NA;NA;;NA;NA
436203;47854;634273;Exodus;34;4;<LH;qal;;J<L ;phrase;;;VP;Pred;core;regular;NA;;;
436203;47854;634274;Exodus;34;4;<LH;qal;;>L HR SJNJ ;phrase;;;PP;Cmpl;complement;NA;*;;location;location
436280;48251;-1;Exodus;34;24;<LH;qal;<LTK ;B <LTK CLC P<MJM B  CNH ;;;;;;;;;;;
436280;48251;634509;Exodus;34;24;<LH;qal;;B <LTK ;phrase;;;VP;PreS;core;regular;subject;;;
436280;48251;634512;Exodus;34;24;<LH;qal;;CLC P<MJM B  CNH ;phrase;;;NP;Modi;NA;NA;NA;;NA;NA
436280;48251;436281;Exodus;34;24;<LH;qal;;L R>WT >T PNJ JHWH >LHJK ;clause;InfC;Adju;;;NA;NA;;;;
436791;51910;-1;Exodus;40;4;<LH;hif;H<LJT ;W H<LJT >T NRTJH ;;;;;;;;;;;
436791;51910;636038;Exodus;40;4;<LH;hif;;W ;phrase;;;CP;Conj;NA;NA;NA;;NA;NA
436791;51910;636039;Exodus;40;4;<LH;hif;;H<LJT ;phrase;;;VP;Pred;core;regular;NA;;;
436791;51910;636040;Exodus;40;4;<LH;hif;;>T NRTJH ;phrase;;;PP;Objc;complement;NA;direct_object;;;
436847;52279;-1;Exodus;40;25;<LH;hif;J<L ;W J<L H NRT L PNJ JHWH ;;;;;;;;;;;
436847;52279;636238;Exodus;40;25;<LH;hif;;W ;phrase;;;CP;Conj;NA;NA;NA;;NA;NA
436847;52279;636239;Exodus;40;25;<LH;hif;;J<L ;phrase;;;VP;Pred;core;regular;NA;;;
436847;52279;636240;Exodus;40;25;<LH;hif;;H NRT ;phrase;;;NP;Objc;complement;NA;direct_object;;;
436847;52279;636241;Exodus;40;25;<LH;hif;;L PNJ JHWH ;phrase;;;PP;Loca;adjunct;NA;NA;;location;location
436854;52335;-1;Exodus;40;29;<LH;hif;J<L ;W J<L <LJW >T H <LH W >T H MNXH ;;;;;;;;;;;
436854;52335;636267;Exodus;40;29;<LH;hif;;W ;phrase;;;CP;Conj;NA;NA;NA;;NA;NA
436854;52335;636268;Exodus;40;29;<LH;hif;;J<L ;phrase;;;VP;Pred;core;regular;NA;;;
436854;52335;636269;Exodus;40;29;<LH;hif;;<LJW ;phrase;;;PP;Cmpl;complement;NA;*;;;
436854;52335;636270;Exodus;40;29;<LH;hif;;>T H <LH W >T H MNXH ;phrase;;;PP;Objc;complement;NA;direct_object;;;
436874;52462;-1;Exodus;40;36;<LH;nif;H<LWT ;B H<LWT H <NN M <L H MCKN ;;;;;;;;;;;
436874;52462;636333;Exodus;40;36;<LH;nif;;B H<LWT ;phrase;;;VP;Pred;core;regular;NA;;;
436874;52462;636334;Exodus;40;36;<LH;nif;;H <NN ;phrase;;;NP;Subj;core;NA;subject;;;
436874;52462;636335;Exodus;40;36;<LH;nif;;M <L H MCKN ;phrase;;;PP;Cmpl;complement;NA;*;;;
436875;52478;-1;Exodus;40;37;<LH;nif;J<LH ;W >M L> J<LH H <NN ;;;;;;;;;;;
436875;52478;636339;Exodus;40;37;<LH;nif;;W ;phrase;;;CP;Conj;NA;NA;NA;;NA;NA
436875;52478;636340;Exodus;40;37;<LH;nif;;>M ;phrase;;;CP;Conj;NA;NA;NA;;NA;NA
436875;52478;636341;Exodus;40;37;<LH;nif;;L> ;phrase;;;NegP;Nega;NA;NA;NA;;NA;NA
436875;52478;636342;Exodus;40;37;<LH;nif;;J<LH ;phrase;;;VP;Pred;core;regular;NA;;;
436875;52478;636343;Exodus;40;37;<LH;nif;;H <NN ;phrase;;;NP;Subj;core;NA;subject;;;
436877;52486;-1;Exodus;40;37;<LH;nif;H<LTW ;H<LTW ;;;;;;;;;;;
436877;52486;636348;Exodus;40;37;<LH;nif;;H<LTW ;phrase;;;VP;PreS;core;regular;subject;;;
436979;53082;-1;Leviticus;2;12;<LH;qal;J<LW ;W >L H MZBX L> J<LW L RJX NJXX ;;;;;;;;;;;
436979;53082;636669;Leviticus;2;12;<LH;qal;;W ;phrase;;;CP;Conj;NA;NA;NA;;NA;NA
436979;53082;636670;Leviticus;2;12;<LH;qal;;>L H MZBX ;phrase;;;PP;Cmpl;complement;NA;*;;location;location
436979;53082;636671;Leviticus;2;12;<LH;qal;;L> ;phrase;;;NegP;Nega;NA;NA;NA;;NA;NA
436979;53082;636672;Leviticus;2;12;<LH;qal;;J<LW ;phrase;;;VP;Pred;core;regular;NA;;;
436979;53082;636673;Leviticus;2;12;<LH;qal;;L RJX NJXX ;phrase;;;PP;Cmpl;complement;NA;L_object;*;;
437780;57876;-1;Leviticus;11;3;<LH;hif;M<LT ;M<LT GRH ;;;;;;;;;;;
437780;57876;639181;Leviticus;11;3;<LH;hif;;M<LT ;phrase;;;VP;PreC;core;regular;NA;;;
437780;57876;639182;Leviticus;11;3;<LH;hif;;GRH ;phrase;;;NP;Objc;complement;NA;direct_object;;;
437782;57889;-1;Leviticus;11;4;<LH;hif;M<LJ ;>K >T ZH L> T>KLW M M<LJ H GRH W M MPRJSJ H PRSH ;;;;;;;;;;;
437782;57889;639186;Leviticus;11;4;<LH;hif;;>K >T ZH M M<LJ H GRH W M MPRJSJ H PRSH ;phrase;;;PP;Objc;complement;NA;direct_object;;;
437782;57889;639187;Leviticus;11;4;<LH;hif;;L> ;phrase;;;NegP;Nega;NA;NA;NA;;NA;NA
437782;57889;639188;Leviticus;11;4;<LH;hif;;T>KLW ;phrase;;;VP;Pred;core;regular;NA;;;
437784;57901;-1;Leviticus;11;4;<LH;hif;M<LH ;KJ M<LH GRH HW> ;;;;;;;;;;;
437784;57901;639190;Leviticus;11;4;<LH;hif;;KJ ;phrase;;;CP;Conj;NA;NA;NA;;NA;NA
437784;57901;639191;Leviticus;11;4;<LH;hif;;M<LH GRH ;phrase;;;AdjP;PreC;core;regular;NA;;;
437784;57901;639192;Leviticus;11;4;<LH;hif;;HW> ;phrase;;;PPrP;Subj;core;NA;subject;;;
437788;57916;-1;Leviticus;11;5;<LH;hif;M<LH ;KJ M<LH GRH HW> ;;;;;;;;;;;
437788;57916;639202;Leviticus;11;5;<LH;hif;;KJ ;phrase;;;CP;Conj;NA;NA;NA;;NA;NA
437788;57916;639203;Leviticus;11;5;<LH;hif;;M<LH GRH ;phrase;;;AdjP;PreC;core;regular;NA;;;
437788;57916;639204;Leviticus;11;5;<LH;hif;;HW> ;phrase;;;PPrP;Subj;core;NA;subject;;;
437792;57931;-1;Leviticus;11;6;<LH;hif;M<LT ;KJ M<LT GRH HW> ;;;;;;;;;;;
437792;57931;639214;Leviticus;11;6;<LH;hif;;KJ ;phrase;;;CP;Conj;NA;NA;NA;;NA;NA
437792;57931;639215;Leviticus;11;6;<LH;hif;;M<LT GRH ;phrase;;;AdjP;PreC;core;regular;NA;;;
437792;57931;639216;Leviticus;11;6;<LH;hif;;HW> ;phrase;;;PPrP;Subj;core;NA;subject;;;
437849;58271;-1;Leviticus;11;26;<LH;hif;M<LH ;W GRH >JNNH M<LH ;;;;;;;;;;;
437849;58271;639368;Leviticus;11;26;<LH;hif;;W ;phrase;;;CP;Conj;NA;NA;NA;;NA;NA
437849;58271;639369;Leviticus;11;26;<LH;hif;;GRH ;phrase;;;NP;Objc;complement;NA;direct_object;;;
437849;58271;639370;Leviticus;11;26;<LH;hif;;>JNNH ;phrase;;;NegP;NCoS;core;copula;subject;;;
437849;58271;639371;Leviticus;11;26;<LH;hif;;M<LH ;phrase;;;VP;PreC;core;regular;NA;;;
437932;58637;-1;Leviticus;11;45;<LH;hif;M<LH ;H M<LH >TKM M >RY MYRJM ;;;;;;;;;;;
437932;58637;639609;Leviticus;11;45;<LH;hif;;H ;phrase;;;CP;Rela;NA;NA;NA;;NA;NA
437932;58637;639610;Leviticus;11;45;<LH;hif;;M<LH ;phrase;;;VP;PreC;core;regular;NA;;;
437932;58637;639611;Leviticus;11;45;<LH;hif;;>TKM ;phrase;;;PP;Objc;complement;NA;principal_direct_object;;;
437932;58637;639612;Leviticus;11;45;<LH;hif;;M >RY MYRJM ;phrase;;;PP;Cmpl;complement;NA;*;;location;location
437932;58637;437933;Leviticus;11;45;<LH;hif;;L HJT LKM L >LHJM ;clause;InfC;Adju;;;NA;NA;infinitive_object;;;
438281;60680;-1;Leviticus;14;20;<LH;hif;H<LH ;W H<LH H KHN >T H <LH W >T H MNXH H MZBXH ;;;;;;;;;;;
438281;60680;640699;Leviticus;14;20;<LH;hif;;W ;phrase;;;CP;Conj;NA;NA;NA;;NA;NA
438281;60680;640700;Leviticus;14;20;<LH;hif;;H<LH ;phrase;;;VP;Pred;core;regular;NA;;;
438281;60680;640701;Leviticus;14;20;<LH;hif;;H KHN ;phrase;;;NP;Subj;core;NA;subject;;;
438281;60680;640702;Leviticus;14;20;<LH;hif;;>T H <LH W >T H MNXH ;phrase;;;PP;Objc;complement;NA;direct_object;;;
438281;60680;640703;Leviticus;14;20;<LH;hif;;H MZBXH ;phrase;;;AdvP;Loca;adjunct;NA;NA;;location;location
438561;62351;-1;Leviticus;16;9;<LH;qal;<LH ;>CR <LH <LJW H GWRL L JHWH ;;;;;;;;;;;
438561;62351;641621;Leviticus;16;9;<LH;qal;;>CR ;phrase;;;CP;Rela;NA;NA;NA;;NA;NA
438561;62351;641622;Leviticus;16;9;<LH;qal;;<LH ;phrase;;;VP;Pred;core;regular;NA;;;
438561;62351;641623;Leviticus;16;9;<LH;qal;;<LJW ;phrase;;;PP;Cmpl;complement;NA;*;;;
438561;62351;641624;Leviticus;16;9;<LH;qal;;H GWRL L JHWH ;phrase;;;NP;Subj;core;NA;subject;;;
438564;62364;-1;Leviticus;16;10;<LH;qal;<LH ;>CR <LH <LJW H GWRL L <Z>ZL ;;;;;;;;;;;
438564;62364;641630;Leviticus;16;10;<LH;qal;;>CR ;phrase;;;CP;Rela;NA;NA;NA;;NA;NA
438564;62364;641631;Leviticus;16;10;<LH;qal;;<LH ;phrase;;;VP;Pred;core;regular;NA;;;
438564;62364;641632;Leviticus;16;10;<LH;qal;;<LJW ;phrase;;;PP;Cmpl;complement;NA;*;;;
438564;62364;641633;Leviticus;16;10;<LH;qal;;H GWRL L <Z>ZL ;phrase;;;NP;Subj;core;NA;subject;;;
438686;63180;-1;Leviticus;17;8;<LH;hif;J<LH ;>CR J<LH <LH >W ZBX ;;;;;;;;;;;
438686;63180;642033;Leviticus;17;8;<LH;hif;;>CR ;phrase;;;CP;Rela;NA;NA;NA;;NA;NA
438686;63180;642034;Leviticus;17;8;<LH;hif;;J<LH ;phrase;;;VP;Pred;core;regular;NA;;;
438686;63180;642035;Leviticus;17;8;<LH;hif;;<LH >W ZBX ;phrase;;;NP;Objc;complement;NA;direct_object;;;
438890;64096;-1;Leviticus;19;19;<LH;qal;J<LH ;W BGD KL>JM C<VNZ L> J<LH <LJK ;;;;;;;;;;;
438890;64096;642624;Leviticus;19;19;<LH;qal;;W ;phrase;;;CP;Conj;NA;NA;NA;;NA;NA
438890;64096;642625;Leviticus;19;19;<LH;qal;;BGD KL>JM C<VNZ ;phrase;;;NP;Subj;core;NA;subject;;;
438890;64096;642626;Leviticus;19;19;<LH;qal;;L> ;phrase;;;NegP;Nega;NA;NA;NA;;NA;NA
438890;64096;642627;Leviticus;19;19;<LH;qal;;J<LH ;phrase;;;VP;Pred;core;regular;NA;;;
438890;64096;642628;Leviticus;19;19;<LH;qal;;<LJK ;phrase;;;PP;Cmpl;complement;NA;*;;;
439409;66792;-1;Leviticus;24;2;<LH;hif;H<LT ;L H<LT NR TMJD ;;;;;;;;;;;
439409;66792;644170;Leviticus;24;2;<LH;hif;;L H<LT ;phrase;;;VP;Pred;core;regular;NA;;;
439409;66792;644171;Leviticus;24;2;<LH;hif;;NR ;phrase;;;NP;Objc;complement;NA;direct_object;;;
439409;66792;644172;Leviticus;24;2;<LH;hif;;TMJD ;phrase;;;AdvP;Modi;NA;NA;NA;;NA;NA
440765;75254;-1;Numbers;8;2;<LH;hif;H<LTK ;B H<LTK >T H NRT ;;;;;;;;;;;
440765;75254;648233;Numbers;8;2;<LH;hif;;B H<LTK ;phrase;;;VP;PreS;core;regular;subject;;;
440765;75254;648234;Numbers;8;2;<LH;hif;;>T H NRT ;phrase;;;PP;Objc;complement;NA;direct_object;;;
440768;75276;-1;Numbers;8;3;<LH;hif;H<LH ;>L MWL PNJ H MNWRH H<LH NRTJH ;;;;;;;;;;;
440768;75276;648242;Numbers;8;3;<LH;hif;;>L MWL PNJ H MNWRH ;phrase;;;PP;Cmpl;complement;NA;*;;location;location
440768;75276;648243;Numbers;8;3;<LH;hif;;H<LH ;phrase;;;VP;Pred;core;regular;NA;;;
440768;75276;648244;Numbers;8;3;<LH;hif;;NRTJH ;phrase;;;NP;Objc;complement;NA;direct_object;;;
440901;76101;-1;Numbers;9;17;<LH;nif;H<LT ;H<LT H <NN M <L H >HL ;;;;;;;;;;;
440901;76101;648681;Numbers;9;17;<LH;nif;;H<LT ;phrase;;;VP;Pred;core;regular;NA;;;
440901;76101;648682;Numbers;9;17;<LH;nif;;H <NN ;phrase;;;NP;Subj;core;NA;subject;;;
440901;76101;648683;Numbers;9;17;<LH;nif;;M <L H >HL ;phrase;;;PP;Cmpl;complement;NA;*;;;
440919;76198;-1;Numbers;9;21;<LH;nif;N<LH ;W N<LH H <NN B  BQR ;;;;;;;;;;;
440919;76198;648739;Numbers;9;21;<LH;nif;;W ;phrase;;;CP;Conj;NA;NA;NA;;NA;NA
440919;76198;648740;Numbers;9;21;<LH;nif;;N<LH ;phrase;;;VP;Pred;core;regular;NA;;;
440919;76198;648741;Numbers;9;21;<LH;nif;;H <NN ;phrase;;;NP;Subj;core;NA;subject;;;
440919;76198;648742;Numbers;9;21;<LH;nif;;B  BQR ;phrase;;;PP;Time;adjunct;NA;NA;;time;time
440922;76211;-1;Numbers;9;21;<LH;nif;N<LH ;W N<LH H <NN ;;;;;;;;;;;
440922;76211;648747;Numbers;9;21;<LH;nif;;W ;phrase;;;CP;Conj;NA;NA;NA;;NA;NA
440922;76211;648748;Numbers;9;21;<LH;nif;;N<LH ;phrase;;;VP;Pred;core;regular;NA;;;
440922;76211;648749;Numbers;9;21;<LH;nif;;H <NN ;phrase;;;NP;Subj;core;NA;subject;;;
440930;76240;-1;Numbers;9;22;<LH;nif;H<LTW ;B H<LTW ;;;;;;;;;;;
440930;76240;648765;Numbers;9;22;<LH;nif;;B H<LTW ;phrase;;;VP;PreS;core;regular;subject;;;
440965;76441;-1;Numbers;10;11;<LH;nif;N<LH ;N<LH H <NN M <L MCKN H <DT ;;;;;;;;;;;
440965;76441;648875;Numbers;10;11;<LH;nif;;N<LH ;phrase;;;VP;Pred;core;regular;NA;;;
440965;76441;648876;Numbers;10;11;<LH;nif;;H <NN ;phrase;;;NP;Subj;core;NA;subject;;;
440965;76441;648877;Numbers;10;11;<LH;nif;;M <L MCKN H <DT ;phrase;;;PP;Cmpl;complement;NA;*;;;
441281;78016;-1;Numbers;13;17;<LH;qal;<LW ;<LW ZH B  NGB ;;;;;;;;;;;
441281;78016;649837;Numbers;13;17;<LH;qal;;<LW ;phrase;;;VP;Pred;core;regular;NA;;;
441281;78016;649838;Numbers;13;17;<LH;qal;;ZH B  NGB ;phrase;;;DPrP;Objc;complement;NA;direct_object;;;
441282;78022;-1;Numbers;13;17;<LH;qal;<LJTM ;W <LJTM >T H HR ;;;;;;;;;;;
441282;78022;649839;Numbers;13;17;<LH;qal;;W ;phrase;;;CP;Conj;NA;NA;NA;;NA;NA
441282;78022;649840;Numbers;13;17;<LH;qal;;<LJTM ;phrase;;;VP;Pred;core;regular;NA;;;
441282;78022;649841;Numbers;13;17;<LH;qal;;>T H HR ;phrase;;;PP;Objc;complement;NA;direct_object;;;
441307;78108;-1;Numbers;13;21;<LH;qal;J<LW ;W J<LW ;;;;;;;;;;;
441307;78108;649907;Numbers;13;21;<LH;qal;;W ;phrase;;;CP;Conj;NA;NA;NA;;NA;NA
441307;78108;649908;Numbers;13;21;<LH;qal;;J<LW ;phrase;;;VP;Pred;core;regular;NA;;;
441310;78123;-1;Numbers;13;22;<LH;qal;J<LW ;W J<LW B  NGB ;;;;;;;;;;;
441310;78123;649916;Numbers;13;22;<LH;qal;;W ;phrase;;;CP;Conj;NA;NA;NA;;NA;NA
441310;78123;649917;Numbers;13;22;<LH;qal;;J<LW ;phrase;;;VP;Pred;core;regular;NA;;;
441310;78123;649918;Numbers;13;22;<LH;qal;;B  NGB ;phrase;;;PP;Cmpl;complement;NA;*;;location;location
441341;78325;-1;Numbers;13;30;<LH;qal;<LH ;<LH N<LH ;;;;;;;;;;;
441341;78325;650017;Numbers;13;30;<LH;qal;;<LH ;phrase;;;AdvP;Modi;NA;NA;NA;;NA;NA
441341;78325;650018;Numbers;13;30;<LH;qal;;N<LH ;phrase;;;VP;Pred;core;regular;NA;;;
441345;78338;-1;Numbers;13;31;<LH;qal;<LW ;>CR <LW <MW ;;;;;;;;;;;
441345;78338;650028;Numbers;13;31;<LH;qal;;>CR ;phrase;;;CP;Rela;NA;NA;NA;;NA;NA
441345;78338;650029;Numbers;13;31;<LH;qal;;<LW ;phrase;;;VP;Pred;core;regular;NA;;;
441345;78338;650030;Numbers;13;31;<LH;qal;;<MW ;phrase;;;PP;Cmpl;complement;NA;*;;;
441347;78344;-1;Numbers;13;31;<LH;qal;<LWT ;L <LWT >L H <M ;;;;;;;;;;;
441347;78344;650034;Numbers;13;31;<LH;qal;;L <LWT ;phrase;;;VP;Pred;core;regular;NA;;;
441347;78344;650035;Numbers;13;31;<LH;qal;;>L H <M ;phrase;;;PP;Cmpl;complement;NA;*;;;
441409;78664;-1;Numbers;14;13;<LH;hif;H<LJT ;KJ H<LJT B KXK >T H <M H ZH M QRBW ;;;;;;;;;;;
441409;78664;650226;Numbers;14;13;<LH;hif;;KJ ;phrase;;;CP;Conj;NA;NA;NA;;NA;NA
441409;78664;650227;Numbers;14;13;<LH;hif;;H<LJT ;phrase;;;VP;Pred;core;regular;NA;;;
441409;78664;650228;Numbers;14;13;<LH;hif;;B KXK ;phrase;;;PP;Adju;adjunct;NA;NA;;;
441409;78664;650229;Numbers;14;13;<LH;hif;;>T H <M H ZH ;phrase;;;PP;Objc;complement;NA;direct_object;;;
441409;78664;650230;Numbers;14;13;<LH;hif;;M QRBW ;phrase;;;PP;Cmpl;complement;NA;*;;;
441507;79202;-1;Numbers;14;40;<LH;qal;J<LW ;W J<LW >L R>C H HR ;;;;;;;;;;;
441507;79202;650523;Numbers;14;40;<LH;qal;;W ;phrase;;;CP;Conj;NA;NA;NA;;NA;NA
441507;79202;650524;Numbers;14;40;<LH;qal;;J<LW ;phrase;;;VP;Pred;core;regular;NA;;;
441507;79202;650525;Numbers;14;40;<LH;qal;;>L R>C H HR ;phrase;;;PP;Cmpl;complement;NA;*;;location;location
441507;79202;441508;Numbers;14;40;<LH;qal;;L >MR ;clause;InfC;Adju;;;NA;NA;;;;
441510;79211;-1;Numbers;14;40;<LH;qal;<LJNW ;W <LJNW >L H MQWM ;;;;;;;;;;;
441510;79211;650528;Numbers;14;40;<LH;qal;;W ;phrase;;;CP;Conj;NA;NA;NA;;NA;NA
441510;79211;650529;Numbers;14;40;<LH;qal;;<LJNW ;phrase;;;VP;Pred;core;regular;NA;;;
441510;79211;650530;Numbers;14;40;<LH;qal;;>L H MQWM ;phrase;;;PP;Cmpl;complement;NA;*;;location;location
441516;79235;-1;Numbers;14;42;<LH;qal;T<LW ;>L T<LW ;;;;;;;;;;;
441516;79235;650547;Numbers;14;42;<LH;qal;;>L ;phrase;;;NegP;Nega;NA;NA;NA;;NA;NA
441516;79235;650548;Numbers;14;42;<LH;qal;;T<LW ;phrase;;;VP;Pred;core;regular;NA;;;
441524;79276;-1;Numbers;14;44;<LH;qal;<LWT ;L <LWT >L R>C H HR ;;;;;;;;;;;
441524;79276;650575;Numbers;14;44;<LH;qal;;L <LWT ;phrase;;;VP;Pred;core;regular;NA;;;
441524;79276;650576;Numbers;14;44;<LH;qal;;>L R>C H HR ;phrase;;;PP;Cmpl;complement;NA;*;;location;location
441705;80282;-1;Numbers;16;12;<LH;qal;N<LH ;L> N<LH ;;;;;;;;;;;
441705;80282;651125;Numbers;16;12;<LH;qal;;L> ;phrase;;;NegP;Nega;NA;NA;NA;;NA;NA
441705;80282;651126;Numbers;16;12;<LH;qal;;N<LH ;phrase;;;VP;Pred;core;regular;NA;;;
441707;80286;-1;Numbers;16;13;<LH;hif;H<LJTNW ;KJ H<LJTNW M >RY ;;;;;;;;;;;
441707;80286;651129;Numbers;16;13;<LH;hif;;KJ ;phrase;;;CP;Conj;NA;NA;NA;;NA;NA
441707;80286;651130;Numbers;16;13;<LH;hif;;H<LJTNW ;phrase;;;VP;PreO;core;regular;principal_direct_object;;;
441707;80286;651131;Numbers;16;13;<LH;hif;;M >RY ;phrase;;;PP;Cmpl;complement;NA;*;;location;location
441707;80286;441709;Numbers;16;13;<LH;hif;;L HMJTNW B  MDBR ;clause;InfC;Adju;;;NA;NA;infinitive_object;;;
441715;80327;-1;Numbers;16;14;<LH;qal;N<LH ;L> N<LH ;;;;;;;;;;;
441715;80327;651153;Numbers;16;14;<LH;qal;;L> ;phrase;;;NegP;Nega;NA;NA;NA;;NA;NA
441715;80327;651154;Numbers;16;14;<LH;qal;;N<LH ;phrase;;;VP;Pred;core;regular;NA;;;
441747;80495;-1;Numbers;16;24;<LH;nif;H<LW ;H<LW M SBJB L MCKN QRX DTN W >BJRM ;;;;;;;;;;;
441747;80495;651255;Numbers;16;24;<LH;nif;;H<LW ;phrase;;;VP;Pred;core;regular;NA;;;
441747;80495;651256;Numbers;16;24;<LH;nif;;M SBJB L MCKN QRX DTN W >BJRM ;phrase;;;PP;Cmpl;complement;NA;*;;location;location
441757;80549;-1;Numbers;16;27;<LH;nif;J<LW ;W J<LW M <L MCKN QRX DTN W >BJRM M SBJB ;;;;;;;;;;;
441757;80549;651283;Numbers;16;27;<LH;nif;;W ;phrase;;;CP;Conj;NA;NA;NA;;NA;NA
441757;80549;651284;Numbers;16;27;<LH;nif;;J<LW ;phrase;;;VP;Pred;core;regular;NA;;;
441757;80549;651285;Numbers;16;27;<LH;nif;;M <L MCKN QRX DTN W >BJRM ;phrase;;;PP;Cmpl;complement;NA;*;;;
441757;80549;651286;Numbers;16;27;<LH;nif;;M SBJB ;phrase;;;PP;Loca;adjunct;NA;NA;;location;location
442009;82036;-1;Numbers;19;2;<LH;qal;<LH ;>CR L> <LH <LJH <L ;;;;;;;;;;;
442009;82036;652088;Numbers;19;2;<LH;qal;;>CR ;phrase;;;CP;Rela;NA;NA;NA;;NA;NA
442009;82036;652089;Numbers;19;2;<LH;qal;;L> ;phrase;;;NegP;Nega;NA;NA;NA;;NA;NA
442009;82036;652090;Numbers;19;2;<LH;qal;;<LH ;phrase;;;VP;Pred;core;regular;NA;;;
442009;82036;652091;Numbers;19;2;<LH;qal;;<LJH ;phrase;;;PP;Cmpl;complement;NA;*;;;
442009;82036;652092;Numbers;19;2;<LH;qal;;<L ;phrase;;;NP;Objc;complement;NA;direct_object;;;
442102;82611;-1;Numbers;20;5;<LH;hif;H<LJTNW ;W LMH H<LJTNW M MYRJM ;;;;;;;;;;;
442102;82611;652401;Numbers;20;5;<LH;hif;;W ;phrase;;;CP;Conj;NA;NA;NA;;NA;NA
442102;82611;652402;Numbers;20;5;<LH;hif;;LMH ;phrase;;;InrP;Ques;NA;NA;NA;;NA;NA
442102;82611;652403;Numbers;20;5;<LH;hif;;H<LJTNW ;phrase;;;VP;PreO;core;regular;principal_direct_object;;;
442102;82611;652404;Numbers;20;5;<LH;hif;;M MYRJM ;phrase;;;PP;Cmpl;complement;NA;*;;location;location
442102;82611;442103;Numbers;20;5;<LH;hif;;L HBJ> >TNW >L H MQWM H R< H ZH ;clause;InfC;Adju;;;NA;NA;infinitive_object;;;
442160;82924;-1;Numbers;20;19;<LH;qal;N<LH ;B  MSLH N<LH ;;;;;;;;;;;
442160;82924;652593;Numbers;20;19;<LH;qal;;B  MSLH ;phrase;;;PP;Cmpl;complement;NA;*;;location;location
442160;82924;652594;Numbers;20;19;<LH;qal;;N<LH ;phrase;;;VP;Pred;core;regular;NA;;;
442182;83034;-1;Numbers;20;25;<LH;hif;H<L ;W H<L >TM HR H HR ;;;;;;;;;;;
442182;83034;652658;Numbers;20;25;<LH;hif;;W ;phrase;;;CP;Conj;NA;NA;NA;;NA;NA
442182;83034;652659;Numbers;20;25;<LH;hif;;H<L ;phrase;;;VP;Pred;core;regular;NA;;;
442182;83034;652660;Numbers;20;25;<LH;hif;;>TM ;phrase;;;PP;Objc;complement;NA;direct_object;;;
442182;83034;652661;Numbers;20;25;<LH;hif;;HR H HR ;phrase;;;PrNP;Cmpl;complement;NA;*;;location;location
442189;83064;-1;Numbers;20;27;<LH;qal;J<LW ;W J<LW >L HR H HR L <JNJ KL H <DH ;;;;;;;;;;;
442189;83064;652681;Numbers;20;27;<LH;qal;;W ;phrase;;;CP;Conj;NA;NA;NA;;NA;NA
442189;83064;652682;Numbers;20;27;<LH;qal;;J<LW ;phrase;;;VP;Pred;core;regular;NA;;;
442189;83064;652683;Numbers;20;27;<LH;qal;;>L HR H HR ;phrase;;;PP;Cmpl;complement;NA;*;;location;location
442189;83064;652684;Numbers;20;27;<LH;qal;;L <JNJ KL H <DH ;phrase;;;PP;Adju;adjunct;NA;NA;;;
442214;83220;-1;Numbers;21;5;<LH;hif;H<LJTNW ;LMH H<LJTNW M MYRJM ;;;;;;;;;;;
442214;83220;652773;Numbers;21;5;<LH;hif;;LMH ;phrase;;;InrP;Ques;NA;NA;NA;;NA;NA
442214;83220;652774;Numbers;21;5;<LH;hif;;H<LJTNW ;phrase;;;VP;PreO;core;regular;principal_direct_object;;;
442214;83220;652775;Numbers;21;5;<LH;hif;;M MYRJM ;phrase;;;PP;Cmpl;complement;NA;*;;location;location
442214;83220;442215;Numbers;21;5;<LH;hif;;L MWT B  MDBR ;clause;InfC;Adju;;;NA;NA;infinitive_object;;;
442266;83465;-1;Numbers;21;17;<LH;qal;<LJ ;<LJ ;;;;;;;;;;;
442266;83465;652927;Numbers;21;17;<LH;qal;;<LJ ;phrase;;;VP;Pred;core;regular;NA;;;
442326;83728;-1;Numbers;21;33;<LH;qal;J<LW ;W J<LW DRK H BCN ;;;;;;;;;;;
442326;83728;653087;Numbers;21;33;<LH;qal;;W ;phrase;;;CP;Conj;NA;NA;NA;;NA;NA
442326;83728;653088;Numbers;21;33;<LH;qal;;J<LW ;phrase;;;VP;Pred;core;regular;NA;;;
442326;83728;653089;Numbers;21;33;<LH;qal;;DRK H BCN ;phrase;;;PP;Cmpl;complement;NA;*;;location;location
442539;84672;-1;Numbers;22;41;<LH;hif;J<LHW ;W J<LHW BMWT_B<L ;;;;;;;;;;;
442539;84672;653730;Numbers;22;41;<LH;hif;;W ;phrase;;;CP;Conj;NA;NA;NA;;NA;NA
442539;84672;653731;Numbers;22;41;<LH;hif;;J<LHW ;phrase;;;VP;PreO;core;regular;direct_object;;;
442539;84672;653732;Numbers;22;41;<LH;hif;;BMWT_B<L ;phrase;;;PrNP;Cmpl;complement;NA;*;;location;location
442546;84710;-1;Numbers;23;2;<LH;hif;J<L ;W J<L BLQ W BL<M PR W >JL B  MZBX ;;;;;;;;;;;
442546;84710;653756;Numbers;23;2;<LH;hif;;W ;phrase;;;CP;Conj;NA;NA;NA;;NA;NA
442546;84710;653757;Numbers;23;2;<LH;hif;;J<L ;phrase;;;VP;Pred;core;regular;NA;;;
442546;84710;653758;Numbers;23;2;<LH;hif;;BLQ W BL<M ;phrase;;;PrNP;Subj;core;NA;subject;;;
442546;84710;653759;Numbers;23;2;<LH;hif;;PR W >JL ;phrase;;;NP;Objc;complement;NA;direct_object;;;
442546;84710;653760;Numbers;23;2;<LH;hif;;B  MZBX ;phrase;;;PP;Loca;adjunct;NA;NA;;location;location
442559;84759;-1;Numbers;23;4;<LH;hif;><L ;W ><L PR W >JL B  MZBX ;;;;;;;;;;;
442559;84759;653792;Numbers;23;4;<LH;hif;;W ;phrase;;;CP;Conj;NA;NA;NA;;NA;NA
442559;84759;653793;Numbers;23;4;<LH;hif;;><L ;phrase;;;VP;Pred;core;regular;NA;;;
442559;84759;653794;Numbers;23;4;<LH;hif;;PR W >JL ;phrase;;;NP;Objc;complement;NA;direct_object;;;
442559;84759;653795;Numbers;23;4;<LH;hif;;B  MZBX ;phrase;;;PP;Loca;adjunct;NA;NA;;location;location
442603;84935;-1;Numbers;23;14;<LH;hif;J<L ;W J<L PR W >JL B  MZBX ;;;;;;;;;;;
442603;84935;653923;Numbers;23;14;<LH;hif;;W ;phrase;;;CP;Conj;NA;NA;NA;;NA;NA
442603;84935;653924;Numbers;23;14;<LH;hif;;J<L ;phrase;;;VP;Pred;core;regular;NA;;;
442603;84935;653925;Numbers;23;14;<LH;hif;;PR W >JL ;phrase;;;NP;Objc;complement;NA;direct_object;;;
442603;84935;653926;Numbers;23;14;<LH;hif;;B  MZBX ;phrase;;;PP;Loca;adjunct;NA;NA;;location;location
442673;85196;-1;Numbers;23;30;<LH;hif;J<L ;W J<L PR W >JL B  MZBX ;;;;;;;;;;;
442673;85196;654126;Numbers;23;30;<LH;hif;;W ;phrase;;;CP;Conj;NA;NA;NA;;NA;NA
442673;85196;654127;Numbers;23;30;<LH;hif;;J<L ;phrase;;;VP;Pred;core;regular;NA;;;
442673;85196;654128;Numbers;23;30;<LH;hif;;PR W >JL ;phrase;;;NP;Objc;complement;NA;direct_object;;;
442673;85196;654129;Numbers;23;30;<LH;hif;;B  MZBX ;phrase;;;PP;Loca;adjunct;NA;NA;;location;location
443022;87114;-1;Numbers;27;12;<LH;qal;<LH ;<LH >L HR H <BRJM H ZH ;;;;;;;;;;;
443022;87114;655049;Numbers;27;12;<LH;qal;;<LH ;phrase;;;VP;Pred;core;regular;NA;;;
443022;87114;655050;Numbers;27;12;<LH;qal;;>L HR H <BRJM H ZH ;phrase;;;PP;Cmpl;complement;NA;*;;location;location
443411;90037;-1;Numbers;32;9;<LH;qal;J<LW ;W J<LW <D NXL >CKWL ;;;;;;;;;;;
443411;90037;656279;Numbers;32;9;<LH;qal;;W ;phrase;;;CP;Conj;NA;NA;NA;;NA;NA
443411;90037;656280;Numbers;32;9;<LH;qal;;J<LW ;phrase;;;VP;Pred;core;regular;NA;;;
443411;90037;656281;Numbers;32;9;<LH;qal;;<D NXL >CKWL ;phrase;;;PP;Cmpl;complement;NA;*;;location;location
443420;90080;-1;Numbers;32;11;<LH;qal;<LJM ;H <LJM M MYRJM ;;;;;;;;;;;
443420;90080;656304;Numbers;32;11;<LH;qal;;H ;phrase;;;CP;Rela;NA;NA;NA;;NA;NA
443420;90080;656305;Numbers;32;11;<LH;qal;;<LJM ;phrase;;;VP;PreC;core;regular;NA;;;
443420;90080;656306;Numbers;32;11;<LH;qal;;M MYRJM ;phrase;;;PP;Cmpl;complement;NA;*;;location;location
443592;91080;-1;Numbers;33;38;<LH;qal;J<L ;W J<L >HRN H KHN >L HR H HR <L PJ JHWH ;;;;;;;;;;;
443592;91080;656870;Numbers;33;38;<LH;qal;;W ;phrase;;;CP;Conj;NA;NA;NA;;NA;NA
443592;91080;656871;Numbers;33;38;<LH;qal;;J<L ;phrase;;;VP;Pred;core;regular;NA;;;
443592;91080;656872;Numbers;33;38;<LH;qal;;>HRN H KHN ;phrase;;;PrNP;Subj;core;NA;subject;;;
443592;91080;656873;Numbers;33;38;<LH;qal;;>L HR H HR ;phrase;;;PP;Cmpl;complement;NA;*;;location;location
443592;91080;656874;Numbers;33;38;<LH;qal;;<L PJ JHWH ;phrase;;;PP;Adju;adjunct;NA;NA;;;
443950;93230;-1;Deuteronomy;1;21;<LH;qal;<LH ;<LH ;;;;;;;;;;;
443950;93230;658007;Deuteronomy;1;21;<LH;qal;;<LH ;phrase;;;VP;Pred;core;regular;NA;;;
443960;93268;-1;Deuteronomy;1;22;<LH;qal;N<LH ;>CR N<LH BH ;;;;;;;;;;;
443960;93268;658035;Deuteronomy;1;22;<LH;qal;;>CR ;phrase;;;CP;Rela;NA;NA;NA;;NA;NA
443960;93268;658036;Deuteronomy;1;22;<LH;qal;;N<LH ;phrase;;;VP;Pred;core;regular;NA;;;
443960;93268;658037;Deuteronomy;1;22;<LH;qal;;BH ;phrase;;;PP;Cmpl;complement;NA;*;;location;location
443966;93297;-1;Deuteronomy;1;24;<LH;qal;J<LW ;W J<LW H HRH ;;;;;;;;;;;
443966;93297;658053;Deuteronomy;1;24;<LH;qal;;W ;phrase;;;CP;Conj;NA;NA;NA;;NA;NA
443966;93297;658054;Deuteronomy;1;24;<LH;qal;;J<LW ;phrase;;;VP;Pred;core;regular;NA;;;
443966;93297;658055;Deuteronomy;1;24;<LH;qal;;H HRH ;phrase;;;AdvP;Cmpl;complement;NA;*;;location;location
443976;93337;-1;Deuteronomy;1;26;<LH;qal;<LT ;L <LT ;;;;;;;;;;;
443976;93337;658084;Deuteronomy;1;26;<LH;qal;;L <LT ;phrase;;;VP;Pred;core;regular;NA;;;
443984;93369;-1;Deuteronomy;1;28;<LH;qal;<LJM ;>NH >NXNW <LJM ;;;;;;;;;;;
443984;93369;658101;Deuteronomy;1;28;<LH;qal;;>NH ;phrase;;;InrP;Ques;NA;NA;NA;;NA;NA
443984;93369;658102;Deuteronomy;1;28;<LH;qal;;>NXNW ;phrase;;;PPrP;Subj;core;NA;subject;;;
443984;93369;658103;Deuteronomy;1;28;<LH;qal;;<LJM ;phrase;;;VP;PreC;core;regular;NA;;;
444043;93627;-1;Deuteronomy;1;41;<LH;qal;N<LH ;N<LH ;;;;;;;;;;;
444043;93627;658264;Deuteronomy;1;41;<LH;qal;;N<LH ;phrase;;;VP;Pred;core;regular;NA;;;
444050;93645;-1;Deuteronomy;1;41;<LH;qal;<LT ;L <LT H HRH ;;;;;;;;;;;
444050;93645;658277;Deuteronomy;1;41;<LH;qal;;L <LT ;phrase;;;VP;Pred;core;regular;NA;;;
444050;93645;658278;Deuteronomy;1;41;<LH;qal;;H HRH ;phrase;;;AdvP;Cmpl;complement;NA;*;;location;location
444053;93655;-1;Deuteronomy;1;42;<LH;qal;T<LW ;L> T<LW ;;;;;;;;;;;
444053;93655;658285;Deuteronomy;1;42;<LH;qal;;L> ;phrase;;;NegP;Nega;NA;NA;NA;;NA;NA
444053;93655;658286;Deuteronomy;1;42;<LH;qal;;T<LW ;phrase;;;VP;Pred;core;regular;NA;;;
444061;93683;-1;Deuteronomy;1;43;<LH;qal;T<LW ;W T<LW H HRH ;;;;;;;;;;;
444061;93683;658308;Deuteronomy;1;43;<LH;qal;;W ;phrase;;;CP;Conj;NA;NA;NA;;NA;NA
444061;93683;658309;Deuteronomy;1;43;<LH;qal;;T<LW ;phrase;;;VP;Pred;core;regular;NA;;;
444061;93683;658310;Deuteronomy;1;43;<LH;qal;;H HRH ;phrase;;;AdvP;Cmpl;complement;NA;*;;location;location
444218;94481;-1;Deuteronomy;3;1;<LH;qal;N<L ;W N<L DRK H BCN ;;;;;;;;;;;
444218;94481;658777;Deuteronomy;3;1;<LH;qal;;W ;phrase;;;CP;Conj;NA;NA;NA;;NA;NA
444218;94481;658778;Deuteronomy;3;1;<LH;qal;;N<L ;phrase;;;VP;Pred;core;regular;NA;;;
444218;94481;658779;Deuteronomy;3;1;<LH;qal;;DRK H BCN ;phrase;;;PP;Cmpl;complement;NA;*;;location;location
444303;95091;-1;Deuteronomy;3;27;<LH;qal;<LH ;<LH R>C H PSGH ;;;;;;;;;;;
444303;95091;659038;Deuteronomy;3;27;<LH;qal;;<LH ;phrase;;;VP;Pred;core;regular;NA;;;
444303;95091;659039;Deuteronomy;3;27;<LH;qal;;R>C H PSGH ;phrase;;;NP;Cmpl;complement;NA;*;;location;location
444533;96401;-1;Deuteronomy;5;5;<LH;qal;<LJTM ;W L> <LJTM B  HR ;;;;;;;;;;;
444533;96401;659742;Deuteronomy;5;5;<LH;qal;;W ;phrase;;;CP;Conj;NA;NA;NA;;NA;NA
444533;96401;659743;Deuteronomy;5;5;<LH;qal;;L> ;phrase;;;NegP;Nega;NA;NA;NA;;NA;NA
444533;96401;659744;Deuteronomy;5;5;<LH;qal;;<LJTM ;phrase;;;VP;Pred;core;regular;NA;;;
444533;96401;659745;Deuteronomy;5;5;<LH;qal;;B  HR ;phrase;;;PP;Cmpl;complement;NA;*;;location;location
444969;98613;-1;Deuteronomy;9;9;<LH;qal;<LTJ ;B <LTJ H HRH ;;;;;;;;;;;
444969;98613;661015;Deuteronomy;9;9;<LH;qal;;B <LTJ ;phrase;;;VP;PreS;core;regular;subject;;;
444969;98613;661016;Deuteronomy;9;9;<LH;qal;;H HRH ;phrase;;;AdvP;Cmpl;complement;NA;*;;location;location
444969;98613;444970;Deuteronomy;9;9;<LH;qal;;L QXT LWXT H >BNJM LWXT H BRJT ;clause;InfC;Adju;;;NA;NA;;;;
445036;98960;-1;Deuteronomy;9;23;<LH;qal;<LW ;<LW ;;;;;;;;;;;
445036;98960;661220;Deuteronomy;9;23;<LH;qal;;<LW ;phrase;;;VP;Pred;core;regular;NA;;;
445068;99125;-1;Deuteronomy;10;1;<LH;qal;<LH ;W <LH >LJ H HRH ;;;;;;;;;;;
445068;99125;661308;Deuteronomy;10;1;<LH;qal;;W ;phrase;;;CP;Conj;NA;NA;NA;;NA;NA
445068;99125;661309;Deuteronomy;10;1;<LH;qal;;<LH ;phrase;;;VP;Pred;core;regular;NA;;;
445068;99125;661310;Deuteronomy;10;1;<LH;qal;;>LJ ;phrase;;;PP;Cmpl;complement;NA;indirect_object;;;
445068;99125;661311;Deuteronomy;10;1;<LH;qal;;H HRH ;phrase;;;AdvP;Cmpl;complement;NA;*;;location;location
445076;99170;-1;Deuteronomy;10;3;<LH;qal;><L ;W ><L H HRH ;;;;;;;;;;;
445076;99170;661335;Deuteronomy;10;3;<LH;qal;;W ;phrase;;;CP;Conj;NA;NA;NA;;NA;NA
445076;99170;661336;Deuteronomy;10;3;<LH;qal;;><L ;phrase;;;VP;Pred;core;regular;NA;;;
445076;99170;661337;Deuteronomy;10;3;<LH;qal;;H HRH ;phrase;;;AdvP;Cmpl;complement;NA;*;;location;location
445321;100581;-1;Deuteronomy;12;13;<LH;hif;T<LH ;PN T<LH <LTJK B KL MQWM ;;;;;;;;;;;
445321;100581;662097;Deuteronomy;12;13;<LH;hif;;PN ;phrase;;;CP;Conj;NA;NA;NA;;NA;NA
445321;100581;662098;Deuteronomy;12;13;<LH;hif;;T<LH ;phrase;;;VP;Pred;core;regular;NA;;;
445321;100581;662099;Deuteronomy;12;13;<LH;hif;;<LTJK ;phrase;;;NP;Objc;complement;NA;direct_object;;;
445321;100581;662100;Deuteronomy;12;13;<LH;hif;;B KL MQWM ;phrase;;;PP;Cmpl;complement;NA;*;;location;location
445325;100600;-1;Deuteronomy;12;14;<LH;hif;T<LH ;CM T<LH <LTJK ;;;;;;;;;;;
445325;100600;662109;Deuteronomy;12;14;<LH;hif;;CM ;phrase;;;AdvP;Cmpl;complement;NA;*;;location;location
445325;100600;662110;Deuteronomy;12;14;<LH;hif;;T<LH ;phrase;;;VP;Pred;core;regular;NA;;;
445325;100600;662111;Deuteronomy;12;14;<LH;hif;;<LTJK ;phrase;;;NP;Objc;complement;NA;direct_object;;;
445509;101546;-1;Deuteronomy;14;6;<LH;hif;M<LT ;M<LT GRH B  BHMH ;;;;;;;;;;;
445509;101546;662647;Deuteronomy;14;6;<LH;hif;;M<LT GRH ;phrase;;;AdjP;PreC;core;regular;NA;;;
445509;101546;662648;Deuteronomy;14;6;<LH;hif;;B  BHMH ;phrase;;;PP;Adju;adjunct;NA;NA;;;
445511;101559;-1;Deuteronomy;14;7;<LH;hif;M<LJ ;>K >T ZH L> T>KLW M M<LJ H GRH W M MPRJSJ H PRSH H CSW<H ;;;;;;;;;;;
445511;101559;662651;Deuteronomy;14;7;<LH;hif;;>K >T ZH ;phrase;;;PP;Objc;complement;NA;direct_object;;;
445511;101559;662652;Deuteronomy;14;7;<LH;hif;;L> ;phrase;;;NegP;Nega;NA;NA;NA;;NA;NA
445511;101559;662653;Deuteronomy;14;7;<LH;hif;;T>KLW ;phrase;;;VP;Pred;core;regular;NA;;;
445511;101559;662654;Deuteronomy;14;7;<LH;hif;;M M<LJ H GRH W M MPRJSJ H PRSH H CSW<H ;phrase;;;PP;Adju;adjunct;NA;NA;;;
445513;101581;-1;Deuteronomy;14;7;<LH;hif;M<LH ;KJ M<LH GRH HMH ;;;;;;;;;;;
445513;101581;662656;Deuteronomy;14;7;<LH;hif;;KJ ;phrase;;;CP;Conj;NA;NA;NA;;NA;NA
445513;101581;662657;Deuteronomy;14;7;<LH;hif;;M<LH GRH ;phrase;;;NP;PreC;core;regular;NA;;;
445513;101581;662658;Deuteronomy;14;7;<LH;hif;;HMH ;phrase;;;PPrP;Subj;core;NA;subject;;;
445780;103128;-1;Deuteronomy;17;8;<LH;qal;<LJT ;W <LJT >L H MQWM ;;;;;;;;;;;
445780;103128;663502;Deuteronomy;17;8;<LH;qal;;W ;phrase;;;CP;Conj;NA;NA;NA;;NA;NA
445780;103128;663503;Deuteronomy;17;8;<LH;qal;;<LJT ;phrase;;;VP;Pred;core;regular;NA;;;
445780;103128;663504;Deuteronomy;17;8;<LH;qal;;>L H MQWM ;phrase;;;PP;Cmpl;complement;NA;*;;location;location
446019;104352;-1;Deuteronomy;20;1;<LH;hif;M<LK ;H M<LK M >RY MYRJM ;;;;;;;;;;;
446019;104352;664245;Deuteronomy;20;1;<LH;hif;;H M<LK ;phrase;;;VP;PtcO;core;regular;direct_object;;;
446019;104352;664246;Deuteronomy;20;1;<LH;hif;;M >RY MYRJM ;phrase;;;PP;Cmpl;complement;NA;*;;location;location
446552;106917;-1;Deuteronomy;25;7;<LH;qal;<LTH ;W <LTH JBMTW H C<RH >L H ZQNJM ;;;;;;;;;;;
446552;106917;665898;Deuteronomy;25;7;<LH;qal;;W ;phrase;;;CP;Conj;NA;NA;NA;;NA;NA
446552;106917;665899;Deuteronomy;25;7;<LH;qal;;<LTH ;phrase;;;VP;Pred;core;regular;NA;;;
446552;106917;665900;Deuteronomy;25;7;<LH;qal;;JBMTW ;phrase;;;NP;Subj;core;NA;subject;;;
446552;106917;665901;Deuteronomy;25;7;<LH;qal;;H C<RH ;phrase;;;AdvP;Cmpl;complement;NA;*;;location;location
446552;106917;665902;Deuteronomy;25;7;<LH;qal;;>L H ZQNJM ;phrase;;;PP;Cmpl;complement;NA;*;;;
446708;107783;-1;Deuteronomy;27;6;<LH;hif;H<LJT ;W H<LJT <LJW <WLT L JHWH >LHJK ;;;;;;;;;;;
446708;107783;666379;Deuteronomy;27;6;<LH;hif;;W ;phrase;;;CP;Conj;NA;NA;NA;;NA;NA
446708;107783;666380;Deuteronomy;27;6;<LH;hif;;H<LJT ;phrase;;;VP;Pred;core;regular;NA;;;
446708;107783;666381;Deuteronomy;27;6;<LH;hif;;<LJW ;phrase;;;PP;Cmpl;complement;NA;*;;;
446708;107783;666382;Deuteronomy;27;6;<LH;hif;;<WLT ;phrase;;;NP;Objc;complement;NA;principal_direct_object;;;
446708;107783;666383;Deuteronomy;27;6;<LH;hif;;L JHWH >LHJK ;phrase;;;PP;Cmpl;complement;NA;L_object;*;;
446932;108886;-1;Deuteronomy;28;43;<LH;qal;J<LH ;H GR J<LH <LJK M<LH M<LH ;;;;;;;;;;;
446932;108886;666997;Deuteronomy;28;43;<LH;qal;;H GR ;phrase;;;NP;Subj;core;NA;subject;;;
446932;108886;667000;Deuteronomy;28;43;<LH;qal;;J<LH ;phrase;;;VP;Pred;core;regular;NA;;;
446932;108886;667001;Deuteronomy;28;43;<LH;qal;;<LJK ;phrase;;;PP;Cmpl;complement;NA;*;;;
446932;108886;667002;Deuteronomy;28;43;<LH;qal;;M<LH M<LH ;phrase;;;AdvP;Modi;NA;NA;NA;;NA;NA
446999;109305;-1;Deuteronomy;28;61;<LH;hif;J<LM ;GM KL XLJ W KL MKH J<LM JHWH <LJK ;;;;;;;;;;;
446999;109305;667211;Deuteronomy;28;61;<LH;hif;;GM KL XLJ W KL MKH ;phrase;;;NP;Objc;complement;NA;NP_direct_object;;;
446999;109305;667216;Deuteronomy;28;61;<LH;hif;;J<LM ;phrase;;;VP;PreO;core;regular;principal_direct_object;;;
446999;109305;667217;Deuteronomy;28;61;<LH;hif;;JHWH ;phrase;;;PrNP;Subj;core;NA;subject;;;
446999;109305;667218;Deuteronomy;28;61;<LH;hif;;<LJK ;phrase;;;PP;Cmpl;complement;NA;*;;;
446999;109305;447001;Deuteronomy;28;61;<LH;hif;;<D HCMDK ;clause;InfC;Adju;;;NA;NA;;;;
447118;110018;-1;Deuteronomy;29;22;<LH;qal;J<LH ;W L> J<LH BH KL <FB ;;;;;;;;;;;
447118;110018;667593;Deuteronomy;29;22;<LH;qal;;W ;phrase;;;CP;Conj;NA;NA;NA;;NA;NA
447118;110018;667594;Deuteronomy;29;22;<LH;qal;;L> ;phrase;;;NegP;Nega;NA;NA;NA;;NA;NA
447118;110018;667595;Deuteronomy;29;22;<LH;qal;;J<LH ;phrase;;;VP;Pred;core;regular;NA;;;
447118;110018;667596;Deuteronomy;29;22;<LH;qal;;BH ;phrase;;;PP;Cmpl;complement;NA;*;;location;location
447118;110018;667597;Deuteronomy;29;22;<LH;qal;;KL <FB ;phrase;;;NP;Subj;core;NA;subject;;;
447186;110431;-1;Deuteronomy;30;12;<LH;qal;J<LH ;MJ J<LH LNW H CMJMH ;;;;;;;;;;;
447186;110431;667807;Deuteronomy;30;12;<LH;qal;;MJ ;phrase;;;IPrP;Subj;core;NA;subject;;;
447186;110431;667808;Deuteronomy;30;12;<LH;qal;;J<LH ;phrase;;;VP;Pred;core;regular;NA;;;
447186;110431;667809;Deuteronomy;30;12;<LH;qal;;LNW ;phrase;;;PP;Adju;adjunct;NA;NA;;;
447186;110431;667810;Deuteronomy;30;12;<LH;qal;;H CMJMH ;phrase;;;AdvP;Cmpl;complement;NA;*;;location;location
447577;112119;-1;Deuteronomy;32;49;<LH;qal;<LH ;<LH >L HR H <BRJM H ZH HR NBW ;;;;;;;;;;;
447577;112119;668870;Deuteronomy;32;49;<LH;qal;;<LH ;phrase;;;VP;Pred;core;regular;NA;;;
447577;112119;668871;Deuteronomy;32;49;<LH;qal;;>L HR H <BRJM H ZH HR NBW ;phrase;;;PP;Cmpl;complement;NA;*;;location;location
447583;112156;-1;Deuteronomy;32;50;<LH;qal;<LH ;>CR >TH <LH CMH ;;;;;;;;;;;
447583;112156;668887;Deuteronomy;32;50;<LH;qal;;>CR ;phrase;;;CP;Rela;NA;NA;NA;;NA;NA
447583;112156;668888;Deuteronomy;32;50;<LH;qal;;>TH ;phrase;;;PPrP;Subj;core;NA;subject;;;
447583;112156;668889;Deuteronomy;32;50;<LH;qal;;<LH ;phrase;;;VP;PreC;core;regular;NA;;;
447583;112156;668890;Deuteronomy;32;50;<LH;qal;;CMH ;phrase;;;AdvP;Cmpl;complement;NA;*;;location;location
447710;112675;-1;Deuteronomy;34;1;<LH;qal;J<L ;W J<L MCH M <RBT MW>B >L HR NBW R>C H PSGH ;;;;;;;;;;;
447710;112675;669232;Deuteronomy;34;1;<LH;qal;;W ;phrase;;;CP;Conj;NA;NA;NA;;NA;NA
447710;112675;669233;Deuteronomy;34;1;<LH;qal;;J<L ;phrase;;;VP;Pred;core;regular;NA;;;
447710;112675;669234;Deuteronomy;34;1;<LH;qal;;MCH ;phrase;;;PrNP;Subj;core;NA;subject;;;
447710;112675;669235;Deuteronomy;34;1;<LH;qal;;M <RBT MW>B ;phrase;;;PP;Cmpl;complement;NA;*;;;
447710;112675;669236;Deuteronomy;34;1;<LH;qal;;>L HR NBW R>C H PSGH ;phrase;;;PP;Cmpl;complement;NA;*;;location;location
447865;113480;-1;Joshua;2;6;<LH;hif;H<LTM ;W HJ> H<LTM H GGH ;;;;;;;;;;;
447865;113480;669677;Joshua;2;6;<LH;hif;;W ;phrase;;;CP;Conj;NA;NA;NA;;NA;NA
447865;113480;669678;Joshua;2;6;<LH;hif;;HJ> ;phrase;;;PPrP;Subj;core;NA;subject;;;
447865;113480;669679;Joshua;2;6;<LH;hif;;H<LTM ;phrase;;;VP;PreO;core;regular;direct_object;;;
447865;113480;669680;Joshua;2;6;<LH;hif;;H GGH ;phrase;;;AdvP;Cmpl;complement;NA;*;;location;location
447874;113523;-1;Joshua;2;8;<LH;qal;<LTH ;W HJ> <LTH <LJHM <L H GG ;;;;;;;;;;;
447874;113523;669705;Joshua;2;8;<LH;qal;;W ;phrase;;;CP;Conj;NA;NA;NA;;NA;NA
447874;113523;669706;Joshua;2;8;<LH;qal;;HJ> ;phrase;;;PPrP;Subj;core;NA;subject;;;
447874;113523;669707;Joshua;2;8;<LH;qal;;<LTH ;phrase;;;VP;Pred;core;regular;NA;;;
447874;113523;669708;Joshua;2;8;<LH;qal;;<LJHM ;phrase;;;PP;Cmpl;complement;NA;*;;;
447874;113523;669709;Joshua;2;8;<LH;qal;;<L H GG ;phrase;;;PP;Loca;adjunct;NA;NA;;location;location
448085;114752;-1;Joshua;4;16;<LH;qal;J<LW ;W J<LW MN H JRDN ;;;;;;;;;;;
448085;114752;670367;Joshua;4;16;<LH;qal;;W ;phrase;;;CP;Conj;NA;NA;NA;;NA;NA
448085;114752;670368;Joshua;4;16;<LH;qal;;J<LW ;phrase;;;VP;Pred;core;regular;NA;;;
448085;114752;670369;Joshua;4;16;<LH;qal;;MN H JRDN ;phrase;;;PP;Cmpl;complement;NA;*;;location;location
448088;114764;-1;Joshua;4;17;<LH;qal;<LW ;<LW MN H JRDN ;;;;;;;;;;;
448088;114764;670375;Joshua;4;17;<LH;qal;;<LW ;phrase;;;VP;Pred;core;regular;NA;;;
448088;114764;670376;Joshua;4;17;<LH;qal;;MN H JRDN ;phrase;;;PP;Cmpl;complement;NA;*;;location;location
448090;114771;-1;Joshua;4;18;<LH;qal;<LWT ;B <LWT H KHNJM NF>J >RWN BRJT JHWH M TWK H JRDN ;;;;;;;;;;;
448090;114771;670379;Joshua;4;18;<LH;qal;;B <LWT ;phrase;;;VP;Pred;core;regular;NA;;;
448090;114771;670380;Joshua;4;18;<LH;qal;;H KHNJM NF>J >RWN BRJT JHWH ;phrase;;;NP;Subj;core;NA;subject;;;
448090;114771;670381;Joshua;4;18;<LH;qal;;M TWK H JRDN ;phrase;;;PP;Cmpl;complement;NA;*;;location;location
448094;114808;-1;Joshua;4;19;<LH;qal;<LW ;W H <M <LW MN H JRDN B  <FWR L  XDC H R>CWN ;;;;;;;;;;;
448094;114808;670393;Joshua;4;19;<LH;qal;;W ;phrase;;;CP;Conj;NA;NA;NA;;NA;NA
448094;114808;670394;Joshua;4;19;<LH;qal;;H <M ;phrase;;;NP;Subj;core;NA;subject;;;
448094;114808;670395;Joshua;4;19;<LH;qal;;<LW ;phrase;;;VP;Pred;core;regular;NA;;;
448094;114808;670396;Joshua;4;19;<LH;qal;;MN H JRDN ;phrase;;;PP;Cmpl;complement;NA;*;;location;location
448094;114808;670397;Joshua;4;19;<LH;qal;;B  <FWR L  XDC H R>CWN ;phrase;;;PP;Time;adjunct;NA;NA;;time;time
448208;115453;-1;Joshua;6;5;<LH;qal;<LW ;W <LW H <M ;;;;;;;;;;;
448208;115453;670753;Joshua;6;5;<LH;qal;;W ;phrase;;;CP;Conj;NA;NA;NA;;NA;NA
448208;115453;670754;Joshua;6;5;<LH;qal;;<LW ;phrase;;;VP;Pred;core;regular;NA;;;
448208;115453;670755;Joshua;6;5;<LH;qal;;H <M ;phrase;;;NP;Subj;core;NA;subject;;;
448256;115689;-1;Joshua;6;15;<LH;qal;<LWT ;K <LWT H CXR ;;;;;;;;;;;
448256;115689;670893;Joshua;6;15;<LH;qal;;K <LWT ;phrase;;;VP;Pred;core;regular;NA;;;
448256;115689;670894;Joshua;6;15;<LH;qal;;H CXR ;phrase;;;NP;Subj;core;NA;subject;;;
448284;115847;-1;Joshua;6;20;<LH;qal;J<L ;W J<L H <M H <JRH ;;;;;;;;;;;
448284;115847;670980;Joshua;6;20;<LH;qal;;W ;phrase;;;CP;Conj;NA;NA;NA;;NA;NA
448284;115847;670981;Joshua;6;20;<LH;qal;;J<L ;phrase;;;VP;Pred;core;regular;NA;;;
448284;115847;670982;Joshua;6;20;<LH;qal;;H <M ;phrase;;;NP;Subj;core;NA;subject;;;
448284;115847;670983;Joshua;6;20;<LH;qal;;H <JRH ;phrase;;;AdvP;Cmpl;complement;NA;*;;location;location
448325;116120;-1;Joshua;7;2;<LH;qal;<LW ;<LW ;;;;;;;;;;;
448325;116120;671108;Joshua;7;2;<LH;qal;;<LW ;phrase;;;VP;Pred;core;regular;NA;;;
448327;116127;-1;Joshua;7;2;<LH;qal;J<LW ;W J<LW H >NCJM ;;;;;;;;;;;
448327;116127;671112;Joshua;7;2;<LH;qal;;W ;phrase;;;CP;Conj;NA;NA;NA;;NA;NA
448327;116127;671113;Joshua;7;2;<LH;qal;;J<LW ;phrase;;;VP;Pred;core;regular;NA;;;
448327;116127;671114;Joshua;7;2;<LH;qal;;H >NCJM ;phrase;;;NP;Subj;core;NA;subject;;;
448331;116143;-1;Joshua;7;3;<LH;qal;J<L ;>L J<L KL H <M ;;;;;;;;;;;
448331;116143;671124;Joshua;7;3;<LH;qal;;>L ;phrase;;;NegP;Nega;NA;NA;NA;;NA;NA
448331;116143;671125;Joshua;7;3;<LH;qal;;J<L ;phrase;;;VP;Pred;core;regular;NA;;;
448331;116143;671126;Joshua;7;3;<LH;qal;;KL H <M ;phrase;;;NP;Subj;core;NA;subject;;;
448332;116155;-1;Joshua;7;3;<LH;qal;J<LW ;K >LPJM >JC >W K CLCT >LPJM >JC J<LW ;;;;;;;;;;;
448332;116155;671127;Joshua;7;3;<LH;qal;;K >LPJM >JC >W K CLCT >LPJM >JC ;phrase;;;PP;Subj;core;NA;subject;;;
448332;116155;671128;Joshua;7;3;<LH;qal;;J<LW ;phrase;;;VP;Pred;core;regular;NA;;;
448336;116172;-1;Joshua;7;4;<LH;qal;J<LW ;W J<LW MN H <M CMH K CLCT >LPJM >JC ;;;;;;;;;;;
448336;116172;671139;Joshua;7;4;<LH;qal;;W ;phrase;;;CP;Conj;NA;NA;NA;;NA;NA
448336;116172;671140;Joshua;7;4;<LH;qal;;J<LW ;phrase;;;VP;Pred;core;regular;NA;;;
448336;116172;671141;Joshua;7;4;<LH;qal;;MN H <M ;phrase;;;PP;Adju;adjunct;NA;NA;;;
448336;116172;671142;Joshua;7;4;<LH;qal;;CMH ;phrase;;;AdvP;Cmpl;complement;NA;*;;location;location
448336;116172;671143;Joshua;7;4;<LH;qal;;K CLCT >LPJM >JC ;phrase;;;PP;Subj;core;NA;subject;;;
448345;116243;-1;Joshua;7;6;<LH;hif;J<LW ;W J<LW <PR <L R>CM ;;;;;;;;;;;
448345;116243;671173;Joshua;7;6;<LH;hif;;W ;phrase;;;CP;Conj;NA;NA;NA;;NA;NA
448345;116243;671174;Joshua;7;6;<LH;hif;;J<LW ;phrase;;;VP;Pred;core;regular;NA;;;
448345;116243;671175;Joshua;7;6;<LH;hif;;<PR ;phrase;;;NP;Objc;complement;NA;direct_object;;;
448345;116243;671176;Joshua;7;6;<LH;hif;;<L R>CM ;phrase;;;PP;Cmpl;complement;NA;*;;;
448436;116718;-1;Joshua;7;24;<LH;hif;J<LW ;W J<LW >TM <MQ <KWR ;;;;;;;;;;;
448436;116718;671451;Joshua;7;24;<LH;hif;;W ;phrase;;;CP;Conj;NA;NA;NA;;NA;NA
448436;116718;671452;Joshua;7;24;<LH;hif;;J<LW ;phrase;;;VP;Pred;core;regular;NA;;;
448436;116718;671453;Joshua;7;24;<LH;hif;;>TM ;phrase;;;PP;Objc;complement;NA;direct_object;;;
448436;116718;671454;Joshua;7;24;<LH;hif;;<MQ <KWR ;phrase;;;NP;Cmpl;complement;NA;*;;location;location
448451;116803;-1;Joshua;8;1;<LH;qal;<LH ;<LH H <J ;;;;;;;;;;;
448451;116803;671504;Joshua;8;1;<LH;qal;;<LH ;phrase;;;VP;Pred;core;regular;NA;;;
448451;116803;671505;Joshua;8;1;<LH;qal;;H <J ;phrase;;;PrNP;Cmpl;complement;NA;*;;location;location
448460;116862;-1;Joshua;8;3;<LH;qal;<LWT ;L <LWT H <J ;;;;;;;;;;;
448460;116862;671527;Joshua;8;3;<LH;qal;;L <LWT ;phrase;;;VP;Pred;core;regular;NA;;;
448460;116862;671528;Joshua;8;3;<LH;qal;;H <J ;phrase;;;PrNP;Cmpl;complement;NA;*;;location;location
448497;117035;-1;Joshua;8;10;<LH;qal;J<L ;W J<L HW> W ZQNJ JFR>L L PNJ H <M H <J ;;;;;;;;;;;
448497;117035;671628;Joshua;8;10;<LH;qal;;W ;phrase;;;CP;Conj;NA;NA;NA;;NA;NA
448497;117035;671629;Joshua;8;10;<LH;qal;;J<L ;phrase;;;VP;Pred;core;regular;NA;;;
448497;117035;671630;Joshua;8;10;<LH;qal;;HW> W ZQNJ JFR>L ;phrase;;;PPrP;Subj;core;NA;subject;;;
448497;117035;671631;Joshua;8;10;<LH;qal;;L PNJ H <M ;phrase;;;PP;Adju;adjunct;NA;NA;;;
448497;117035;671632;Joshua;8;10;<LH;qal;;H <J ;phrase;;;PrNP;Cmpl;complement;NA;*;;location;location
448498;117054;-1;Joshua;8;11;<LH;qal;<LW ;W KL H <M H MLXMH <LW ;;;;;;;;;;;
448498;117054;671633;Joshua;8;11;<LH;qal;;W ;phrase;;;CP;Conj;NA;NA;NA;;NA;NA
448498;117054;671634;Joshua;8;11;<LH;qal;;KL H <M H MLXMH ;phrase;;;NP;Subj;core;NA;subject;;;
448498;117054;671637;Joshua;8;11;<LH;qal;;<LW ;phrase;;;VP;Pred;core;regular;NA;;;
448545;117303;-1;Joshua;8;20;<LH;qal;<LH ;W HNH <LH <CN H <JR H CMJMH ;;;;;;;;;;;
448545;117303;671776;Joshua;8;20;<LH;qal;;W ;phrase;;;CP;Conj;NA;NA;NA;;NA;NA
448545;117303;671777;Joshua;8;20;<LH;qal;;HNH ;phrase;;;InjP;Intj;NA;NA;NA;;NA;NA
448545;117303;671778;Joshua;8;20;<LH;qal;;<LH ;phrase;;;VP;Pred;core;regular;NA;;;
448545;117303;671779;Joshua;8;20;<LH;qal;;<CN H <JR ;phrase;;;NP;Subj;core;NA;subject;;;
448545;117303;671780;Joshua;8;20;<LH;qal;;H CMJMH ;phrase;;;AdvP;Cmpl;complement;NA;*;;location;location
448552;117345;-1;Joshua;8;21;<LH;qal;<LH ;W KJ <LH <CN H <JR ;;;;;;;;;;;
448552;117345;671802;Joshua;8;21;<LH;qal;;W ;phrase;;;CP;Conj;NA;NA;NA;;NA;NA
448552;117345;671803;Joshua;8;21;<LH;qal;;KJ ;phrase;;;CP;Conj;NA;NA;NA;;NA;NA
448552;117345;671804;Joshua;8;21;<LH;qal;;<LH ;phrase;;;VP;Pred;core;regular;NA;;;
448552;117345;671805;Joshua;8;21;<LH;qal;;<CN H <JR ;phrase;;;NP;Subj;core;NA;subject;;;
448592;117599;-1;Joshua;8;31;<LH;hif;J<LW ;W J<LW <LJW <LWT L JHWH ;;;;;;;;;;;
448592;117599;671940;Joshua;8;31;<LH;hif;;W ;phrase;;;CP;Conj;NA;NA;NA;;NA;NA
448592;117599;671941;Joshua;8;31;<LH;hif;;J<LW ;phrase;;;VP;Pred;core;regular;NA;;;
448592;117599;671942;Joshua;8;31;<LH;hif;;<LJW ;phrase;;;PP;Cmpl;complement;NA;*;;;
448592;117599;671943;Joshua;8;31;<LH;hif;;<LWT ;phrase;;;NP;Objc;complement;NA;principal_direct_object;;;
448592;117599;671944;Joshua;8;31;<LH;hif;;L JHWH ;phrase;;;PP;Cmpl;complement;NA;L_object;*;;
448730;118433;-1;Joshua;10;4;<LH;qal;<LW ;<LW >LJ ;;;;;;;;;;;
448730;118433;672387;Joshua;10;4;<LH;qal;;<LW ;phrase;;;VP;Pred;core;regular;NA;;;
448730;118433;672388;Joshua;10;4;<LH;qal;;>LJ ;phrase;;;PP;Cmpl;complement;NA;indirect_object;;;
448735;118452;-1;Joshua;10;5;<LH;qal;J<LW ;W J<LW XMCT MLKJ H >MRJ MLK JRWCLM MLK XBRWN MLK JRMWT MLK LKJC MLK <GLWN HM W KL MXNJHM ;;;;;;;;;;;
448735;118452;672399;Joshua;10;5;<LH;qal;;W ;phrase;;;CP;Conj;NA;NA;NA;;NA;NA
448735;118452;672400;Joshua;10;5;<LH;qal;;J<LW ;phrase;;;VP;Pred;core;regular;NA;;;
448735;118452;672401;Joshua;10;5;<LH;qal;;XMCT MLKJ H >MRJ MLK JRWCLM MLK XBRWN MLK JRMWT MLK LKJC MLK <GLWN HM W KL MXNJHM ;phrase;;;NP;Subj;core;NA;subject;;;
448741;118496;-1;Joshua;10;6;<LH;qal;<LH ;<LH >LJNW MHRH ;;;;;;;;;;;
448741;118496;672417;Joshua;10;6;<LH;qal;;<LH ;phrase;;;VP;Pred;core;regular;NA;;;
448741;118496;672418;Joshua;10;6;<LH;qal;;>LJNW ;phrase;;;PP;Cmpl;complement;NA;indirect_object;;;
448741;118496;672419;Joshua;10;6;<LH;qal;;MHRH ;phrase;;;AdvP;Modi;NA;NA;NA;;NA;NA
448745;118515;-1;Joshua;10;7;<LH;qal;J<L ;W J<L JHWC< MN H GLGL HW> W KL <M H MLXMH <MW W KL GBWRJ H XJL ;;;;;;;;;;;
448745;118515;672429;Joshua;10;7;<LH;qal;;W ;phrase;;;CP;Conj;NA;NA;NA;;NA;NA
448745;118515;672430;Joshua;10;7;<LH;qal;;J<L ;phrase;;;VP;Pred;core;regular;NA;;;
448745;118515;672431;Joshua;10;7;<LH;qal;;JHWC< HW> W KL <M H MLXMH <MW W KL GBWRJ H XJL ;phrase;;;PrNP;Subj;core;NA;subject;;;
448745;118515;672432;Joshua;10;7;<LH;qal;;MN H GLGL ;phrase;;;PP;Cmpl;complement;NA;*;;location;location
448751;118558;-1;Joshua;10;9;<LH;qal;<LH ;KL H LJLH <LH MN H GLGL ;;;;;;;;;;;
448751;118558;672452;Joshua;10;9;<LH;qal;;KL H LJLH ;phrase;;;NP;Time;adjunct;NA;NA;;time;time
448751;118558;672453;Joshua;10;9;<LH;qal;;<LH ;phrase;;;VP;Pred;core;regular;NA;;;
448751;118558;672454;Joshua;10;9;<LH;qal;;MN H GLGL ;phrase;;;PP;Cmpl;complement;NA;*;;location;location
448864;119160;-1;Joshua;10;33;<LH;qal;<LH ;>Z <LH HRM MLK GZR ;;;;;;;;;;;
448864;119160;672800;Joshua;10;33;<LH;qal;;>Z ;phrase;;;AdvP;Time;adjunct;NA;NA;;time;time
448864;119160;672801;Joshua;10;33;<LH;qal;;<LH ;phrase;;;VP;Pred;core;regular;NA;;;
448864;119160;672802;Joshua;10;33;<LH;qal;;HRM MLK GZR ;phrase;;;PrNP;Subj;core;NA;subject;;;
448864;119160;448865;Joshua;10;33;<LH;qal;;L <ZR >T LKJC ;clause;InfC;Adju;;;NA;NA;;;;
448877;119227;-1;Joshua;10;36;<LH;qal;J<L ;W J<L JHWC< W KL JFR>L <MW M <GLWNH XBRWNH ;;;;;;;;;;;
448877;119227;672841;Joshua;10;36;<LH;qal;;W ;phrase;;;CP;Conj;NA;NA;NA;;NA;NA
448877;119227;672842;Joshua;10;36;<LH;qal;;J<L ;phrase;;;VP;Pred;core;regular;NA;;;
448877;119227;672843;Joshua;10;36;<LH;qal;;JHWC< W KL JFR>L <MW ;phrase;;;PrNP;Subj;core;NA;subject;;;
448877;119227;672844;Joshua;10;36;<LH;qal;;M <GLWNH ;phrase;;;PP;Cmpl;complement;NA;*;;location;location
448877;119227;672845;Joshua;10;36;<LH;qal;;XBRWNH ;phrase;;;AdvP;Cmpl;complement;NA;*;;location;location
448970;119837;-1;Joshua;11;17;<LH;qal;<WLH ;H <WLH F<JR ;;;;;;;;;;;
448970;119837;673125;Joshua;11;17;<LH;qal;;H ;phrase;;;CP;Rela;NA;NA;NA;;NA;NA
448970;119837;673126;Joshua;11;17;<LH;qal;;<WLH ;phrase;;;VP;PreC;core;regular;NA;;;
448970;119837;673127;Joshua;11;17;<LH;qal;;F<JR ;phrase;;;PrNP;Cmpl;complement;NA;*;;location;location
449009;120191;-1;Joshua;12;7;<LH;qal;<LH ;H <LH F<JRH ;;;;;;;;;;;
449009;120191;673245;Joshua;12;7;<LH;qal;;H ;phrase;;;CP;Rela;NA;NA;NA;;NA;NA
449009;120191;673246;Joshua;12;7;<LH;qal;;<LH ;phrase;;;VP;PreC;core;regular;NA;;;
449009;120191;673247;Joshua;12;7;<LH;qal;;F<JRH ;phrase;;;AdvP;Cmpl;complement;NA;*;;location;location
449147;121169;-1;Joshua;14;8;<LH;qal;<LW ;>CR <LW <MJ ;;;;;;;;;;;
449147;121169;673599;Joshua;14;8;<LH;qal;;>CR ;phrase;;;CP;Rela;NA;NA;NA;;NA;NA
449147;121169;673600;Joshua;14;8;<LH;qal;;<LW ;phrase;;;VP;Pred;core;regular;NA;;;
449147;121169;673601;Joshua;14;8;<LH;qal;;<MJ ;phrase;;;PP;Cmpl;complement;NA;*;;;
449189;121427;-1;Joshua;15;3;<LH;qal;<LH ;W <LH M NGB L QDC_BRN< ;;;;;;;;;;;
449189;121427;673744;Joshua;15;3;<LH;qal;;W ;phrase;;;CP;Conj;NA;NA;NA;;NA;NA
449189;121427;673745;Joshua;15;3;<LH;qal;;<LH ;phrase;;;VP;Pred;core;regular;NA;;;
449189;121427;673746;Joshua;15;3;<LH;qal;;M NGB ;phrase;;;PP;Cmpl;complement;NA;*;;;
449189;121427;673747;Joshua;15;3;<LH;qal;;L QDC_BRN< ;phrase;;;PP;Cmpl;complement;NA;L_object;*;;
449191;121436;-1;Joshua;15;3;<LH;qal;<LH ;W <LH >DRH ;;;;;;;;;;;
449191;121436;673751;Joshua;15;3;<LH;qal;;W ;phrase;;;CP;Conj;NA;NA;NA;;NA;NA
449191;121436;673752;Joshua;15;3;<LH;qal;;<LH ;phrase;;;VP;Pred;core;regular;NA;;;
449191;121436;673753;Joshua;15;3;<LH;qal;;>DRH ;phrase;;;AdvP;Cmpl;complement;NA;*;;location;location
449199;121484;-1;Joshua;15;6;<LH;qal;<LH ;W <LH H GBWL BJT_XGLH ;;;;;;;;;;;
449199;121484;673777;Joshua;15;6;<LH;qal;;W ;phrase;;;CP;Conj;NA;NA;NA;;NA;NA
449199;121484;673778;Joshua;15;6;<LH;qal;;<LH ;phrase;;;VP;Pred;core;regular;NA;;;
449199;121484;673779;Joshua;15;6;<LH;qal;;H GBWL ;phrase;;;NP;Subj;core;NA;subject;;;
449199;121484;673780;Joshua;15;6;<LH;qal;;BJT_XGLH ;phrase;;;PrNP;Cmpl;complement;NA;*;;location;location
449201;121495;-1;Joshua;15;6;<LH;qal;<LH ;W <LH H GBWL >BN BHN BN R>WBN ;;;;;;;;;;;
449201;121495;673785;Joshua;15;6;<LH;qal;;W ;phrase;;;CP;Conj;NA;NA;NA;;NA;NA
449201;121495;673786;Joshua;15;6;<LH;qal;;<LH ;phrase;;;VP;Pred;core;regular;NA;;;
449201;121495;673787;Joshua;15;6;<LH;qal;;H GBWL ;phrase;;;NP;Subj;core;NA;subject;;;
449201;121495;673788;Joshua;15;6;<LH;qal;;>BN BHN BN R>WBN ;phrase;;;NP;Cmpl;complement;NA;*;;;
449202;121503;-1;Joshua;15;7;<LH;qal;<LH ;W <LH H GBWL DBRH M <MQ <KWR ;;;;;;;;;;;
449202;121503;673789;Joshua;15;7;<LH;qal;;W ;phrase;;;CP;Conj;NA;NA;NA;;NA;NA
449202;121503;673790;Joshua;15;7;<LH;qal;;<LH ;phrase;;;VP;Pred;core;regular;NA;;;
449202;121503;673791;Joshua;15;7;<LH;qal;;H GBWL ;phrase;;;NP;Subj;core;NA;subject;;;
449202;121503;673792;Joshua;15;7;<LH;qal;;DBRH ;phrase;;;AdvP;Cmpl;complement;NA;*;;location;location
449202;121503;673793;Joshua;15;7;<LH;qal;;M <MQ <KWR ;phrase;;;PP;Cmpl;complement;NA;*;;location;location
449208;121539;-1;Joshua;15;8;<LH;qal;<LH ;W <LH H GBWL GJ BN_HNM >L KTP H JBWSJ M NGB ;;;;;;;;;;;
449208;121539;673810;Joshua;15;8;<LH;qal;;W ;phrase;;;CP;Conj;NA;NA;NA;;NA;NA
449208;121539;673811;Joshua;15;8;<LH;qal;;<LH ;phrase;;;VP;Pred;core;regular;NA;;;
449208;121539;673812;Joshua;15;8;<LH;qal;;H GBWL ;phrase;;;NP;Subj;core;NA;subject;;;
449208;121539;673813;Joshua;15;8;<LH;qal;;GJ BN_HNM ;phrase;;;NP;Cmpl;complement;NA;*;;location;location
449208;121539;673814;Joshua;15;8;<LH;qal;;>L KTP H JBWSJ M NGB ;phrase;;;PP;Cmpl;complement;NA;*;;;
449210;121553;-1;Joshua;15;8;<LH;qal;<LH ;W <LH H GBWL >L R>C H HR ;;;;;;;;;;;
449210;121553;673817;Joshua;15;8;<LH;qal;;W ;phrase;;;CP;Conj;NA;NA;NA;;NA;NA
449210;121553;673818;Joshua;15;8;<LH;qal;;<LH ;phrase;;;VP;Pred;core;regular;NA;;;
449210;121553;673819;Joshua;15;8;<LH;qal;;H GBWL ;phrase;;;NP;Subj;core;NA;subject;;;
449210;121553;673820;Joshua;15;8;<LH;qal;;>L R>C H HR ;phrase;;;PP;Cmpl;complement;NA;*;;location;location
449233;121711;-1;Joshua;15;15;<LH;qal;J<L ;W J<L M CM >L JCBJ DBR ;;;;;;;;;;;
449233;121711;673894;Joshua;15;15;<LH;qal;;W ;phrase;;;CP;Conj;NA;NA;NA;;NA;NA
449233;121711;673895;Joshua;15;15;<LH;qal;;J<L ;phrase;;;VP;Pred;core;regular;NA;;;
449233;121711;673896;Joshua;15;15;<LH;qal;;M CM ;phrase;;;PP;Cmpl;complement;NA;*;;location;location
449233;121711;673897;Joshua;15;15;<LH;qal;;>L JCBJ DBR ;phrase;;;PP;Cmpl;complement;NA;*;;location;location
449307;122190;-1;Joshua;16;1;<LH;qal;<LH ;<LH M JRJXW B  HR BJT_>L ;;;;;;;;;;;
449307;122190;674064;Joshua;16;1;<LH;qal;;<LH ;phrase;;;VP;PreC;core;regular;NA;;;
449307;122190;674065;Joshua;16;1;<LH;qal;;M JRJXW ;phrase;;;PP;Cmpl;complement;NA;*;;location;location
449307;122190;674066;Joshua;16;1;<LH;qal;;B  HR BJT_>L ;phrase;;;PP;Loca;adjunct;NA;NA;;location;location
449380;122736;-1;Joshua;17;15;<LH;qal;<LH ;<LH LK H J<RH ;;;;;;;;;;;
449380;122736;674305;Joshua;17;15;<LH;qal;;<LH ;phrase;;;VP;Pred;core;regular;NA;;;
449380;122736;674306;Joshua;17;15;<LH;qal;;LK ;phrase;;;PP;Supp;adjunct;NA;NA;;;benefactive
449380;122736;674307;Joshua;17;15;<LH;qal;;H J<RH ;phrase;;;AdvP;Cmpl;complement;NA;*;;location;location
449443;123086;-1;Joshua;18;11;<LH;qal;J<L ;W J<L GWRL MVH BNJ BNJMN L MCPXTM ;;;;;;;;;;;
449443;123086;674522;Joshua;18;11;<LH;qal;;W ;phrase;;;CP;Conj;NA;NA;NA;;NA;NA
449443;123086;674523;Joshua;18;11;<LH;qal;;J<L ;phrase;;;VP;Pred;core;regular;NA;;;
449443;123086;674524;Joshua;18;11;<LH;qal;;GWRL MVH BNJ BNJMN ;phrase;;;NP;Subj;core;NA;subject;;;
449443;123086;674525;Joshua;18;11;<LH;qal;;L MCPXTM ;phrase;;;PP;Adju;adjunct;NA;NA;;;
449446;123116;-1;Joshua;18;12;<LH;qal;<LH ;W <LH H GBWL >L KTP JRJXW M YPWN ;;;;;;;;;;;
449446;123116;674535;Joshua;18;12;<LH;qal;;W ;phrase;;;CP;Conj;NA;NA;NA;;NA;NA
449446;123116;674536;Joshua;18;12;<LH;qal;;<LH ;phrase;;;VP;Pred;core;regular;NA;;;
449446;123116;674537;Joshua;18;12;<LH;qal;;H GBWL ;phrase;;;NP;Subj;core;NA;subject;;;
449446;123116;674538;Joshua;18;12;<LH;qal;;>L KTP JRJXW M YPWN ;phrase;;;PP;Cmpl;complement;NA;*;;location;location
449447;123125;-1;Joshua;18;12;<LH;qal;<LH ;W <LH B  HR JMH ;;;;;;;;;;;
449447;123125;674539;Joshua;18;12;<LH;qal;;W ;phrase;;;CP;Conj;NA;NA;NA;;NA;NA
449447;123125;674540;Joshua;18;12;<LH;qal;;<LH ;phrase;;;VP;Pred;core;regular;NA;;;
449447;123125;674541;Joshua;18;12;<LH;qal;;B  HR JMH ;phrase;;;PP;Cmpl;complement;NA;*;;location;location
449504;123515;-1;Joshua;19;10;<LH;qal;J<L ;W J<L H GWRL H CLJCJ L BNJ ZBWLN L MCPXTM ;;;;;;;;;;;
449504;123515;674700;Joshua;19;10;<LH;qal;;W ;phrase;;;CP;Conj;NA;NA;NA;;NA;NA
449504;123515;674701;Joshua;19;10;<LH;qal;;J<L ;phrase;;;VP;Pred;core;regular;NA;;;
449504;123515;674702;Joshua;19;10;<LH;qal;;H GWRL H CLJCJ ;phrase;;;NP;Subj;core;NA;subject;;;
449504;123515;674703;Joshua;19;10;<LH;qal;;L BNJ ZBWLN L MCPXTM ;phrase;;;PP;Cmpl;complement;NA;L_object;*;;
449506;123532;-1;Joshua;19;11;<LH;qal;<LH ;W <LH GBWLM L  JMH W MR<LH ;;;;;;;;;;;
449506;123532;674708;Joshua;19;11;<LH;qal;;W ;phrase;;;CP;Conj;NA;NA;NA;;NA;NA
449506;123532;674709;Joshua;19;11;<LH;qal;;<LH ;phrase;;;VP;Pred;core;regular;NA;;;
449506;123532;674710;Joshua;19;11;<LH;qal;;GBWLM ;phrase;;;NP;Subj;core;NA;subject;;;
449506;123532;674711;Joshua;19;11;<LH;qal;;L  JMH W MR<LH ;phrase;;;PP;Cmpl;complement;NA;L_object;*;;
449512;123569;-1;Joshua;19;12;<LH;qal;<LH ;W <LH JPJ< ;;;;;;;;;;;
449512;123569;674726;Joshua;19;12;<LH;qal;;W ;phrase;;;CP;Conj;NA;NA;NA;;NA;NA
449512;123569;674727;Joshua;19;12;<LH;qal;;<LH ;phrase;;;VP;Pred;core;regular;NA;;;
449512;123569;674728;Joshua;19;12;<LH;qal;;JPJ< ;phrase;;;PrNP;Cmpl;complement;NA;*;;location;location
449563;123999;-1;Joshua;19;47;<LH;qal;J<LW ;W J<LW BNJ DN ;;;;;;;;;;;
449563;123999;674891;Joshua;19;47;<LH;qal;;W ;phrase;;;CP;Conj;NA;NA;NA;;NA;NA
449563;123999;674892;Joshua;19;47;<LH;qal;;J<LW ;phrase;;;VP;Pred;core;regular;NA;;;
449563;123999;674893;Joshua;19;47;<LH;qal;;BNJ DN ;phrase;;;NP;Subj;core;NA;subject;;;
449738;125555;-1;Joshua;22;12;<LH;qal;<LWT ;L <LWT <LJHM L  YB> ;;;;;;;;;;;
449738;125555;675457;Joshua;22;12;<LH;qal;;L <LWT ;phrase;;;VP;Pred;core;regular;NA;;;
449738;125555;675458;Joshua;22;12;<LH;qal;;<LJHM ;phrase;;;PP;Cmpl;complement;NA;*;;;
449738;125555;675459;Joshua;22;12;<LH;qal;;L  YB> ;phrase;;;PP;Adju;adjunct;NA;NA;;;
449782;125831;-1;Joshua;22;23;<LH;hif;H<LWT ;W >M L H<LWT <LJW <WLH W MNXH ;;;;;;;;;;;
449782;125831;675597;Joshua;22;23;<LH;hif;;W ;phrase;;;CP;Conj;NA;NA;NA;;NA;NA
449782;125831;675598;Joshua;22;23;<LH;hif;;>M ;phrase;;;CP;Conj;NA;NA;NA;;NA;NA
449782;125831;675599;Joshua;22;23;<LH;hif;;L H<LWT ;phrase;;;VP;Pred;core;regular;NA;;;
449782;125831;675600;Joshua;22;23;<LH;hif;;<LJW ;phrase;;;PP;Cmpl;complement;NA;*;;;
449782;125831;675601;Joshua;22;23;<LH;hif;;<WLH W MNXH ;phrase;;;NP;Objc;complement;NA;direct_object;;;
449782;125831;449783;Joshua;22;23;<LH;hif;;W >M L <FWT <LJW ZBXJ CLMJM ;clause;InfC;Coor;;;NA;NA;;;;
449833;126149;-1;Joshua;22;33;<LH;qal;<LWT ;L <LWT <LJHM L  YB> ;;;;;;;;;;;
449833;126149;675758;Joshua;22;33;<LH;qal;;L <LWT ;phrase;;;VP;Pred;core;regular;NA;;;
449833;126149;675759;Joshua;22;33;<LH;qal;;<LJHM ;phrase;;;PP;Cmpl;complement;NA;*;;;
449833;126149;675760;Joshua;22;33;<LH;qal;;L  YB> ;phrase;;;PP;Adju;adjunct;NA;NA;;;
449833;126149;449834;Joshua;22;33;<LH;qal;;L CXT >T H >RY ;clause;InfC;Adju;;;NA;NA;;;;
449996;127058;-1;Joshua;24;17;<LH;hif;M<LH ;H M<LH >TNW W >T >BWTJNW M >RY MYRJM M BJT <BDJM ;;;;;;;;;;;
449996;127058;676271;Joshua;24;17;<LH;hif;;H ;phrase;;;CP;Rela;NA;NA;NA;;NA;NA
449996;127058;676272;Joshua;24;17;<LH;hif;;M<LH ;phrase;;;VP;PreC;core;regular;NA;;;
449996;127058;676273;Joshua;24;17;<LH;hif;;>TNW W >T >BWTJNW ;phrase;;;PP;Objc;complement;NA;direct_object;;;
449996;127058;676274;Joshua;24;17;<LH;hif;;M >RY MYRJM M BJT <BDJM ;phrase;;;PP;Cmpl;complement;NA;*;;location;location
450055;127393;-1;Joshua;24;32;<LH;hif;H<LW ;>CR H<LW BNJ JFR>L M MYRJM ;;;;;;;;;;;
450055;127393;676462;Joshua;24;32;<LH;hif;;>CR ;phrase;;;CP;Rela;NA;NA;NA;;NA;NA
450055;127393;676463;Joshua;24;32;<LH;hif;;H<LW ;phrase;;;VP;Pred;core;regular;NA;;;
450055;127393;676464;Joshua;24;32;<LH;hif;;BNJ JFR>L ;phrase;;;NP;Subj;core;NA;subject;;;
450055;127393;676465;Joshua;24;32;<LH;hif;;M MYRJM ;phrase;;;PP;Cmpl;complement;NA;*;;location;location
450064;127456;-1;Judges;1;1;<LH;qal;J<LH ;MJ J<LH LNW >L H KN<NJ B  TXLH ;;;;;;;;;;;
450064;127456;676496;Judges;1;1;<LH;qal;;MJ ;phrase;;;IPrP;Subj;core;NA;subject;;;
450064;127456;676497;Judges;1;1;<LH;qal;;J<LH ;phrase;;;VP;Pred;core;regular;NA;;;
450064;127456;676498;Judges;1;1;<LH;qal;;LNW ;phrase;;;PP;Adju;adjunct;NA;NA;;;
450064;127456;676499;Judges;1;1;<LH;qal;;>L H KN<NJ ;phrase;;;PP;Cmpl;complement;NA;*;;;
450064;127456;676500;Judges;1;1;<LH;qal;;B  TXLH ;phrase;;;PP;Adju;adjunct;NA;NA;;;
450064;127456;450065;Judges;1;1;<LH;qal;;L HLXM BW ;clause;InfC;Adju;;;NA;NA;;;;
450067;127471;-1;Judges;1;2;<LH;qal;J<LH ;JHWDH J<LH ;;;;;;;;;;;
450067;127471;676506;Judges;1;2;<LH;qal;;JHWDH ;phrase;;;PrNP;Subj;core;NA;subject;;;
450067;127471;676507;Judges;1;2;<LH;qal;;J<LH ;phrase;;;VP;Pred;core;regular;NA;;;
450070;127485;-1;Judges;1;3;<LH;qal;<LH ;<LH >TJ B GWRLJ ;;;;;;;;;;;
450070;127485;676516;Judges;1;3;<LH;qal;;<LH ;phrase;;;VP;Pred;core;regular;NA;;;
450070;127485;676517;Judges;1;3;<LH;qal;;>TJ ;phrase;;;PP;Adju;adjunct;NA;NA;;;
450070;127485;676518;Judges;1;3;<LH;qal;;B GWRLJ ;phrase;;;PP;Cmpl;complement;NA;*;;location;location
450074;127506;-1;Judges;1;4;<LH;qal;J<L ;W J<L JHWDH ;;;;;;;;;;;
450074;127506;676531;Judges;1;4;<LH;qal;;W ;phrase;;;CP;Conj;NA;NA;NA;;NA;NA
450074;127506;676532;Judges;1;4;<LH;qal;;J<L ;phrase;;;VP;Pred;core;regular;NA;;;
450074;127506;676533;Judges;1;4;<LH;qal;;JHWDH ;phrase;;;PrNP;Subj;core;NA;subject;;;
450123;127759;-1;Judges;1;16;<LH;qal;<LW ;W BNJ QJNJ XTN MCH <LW M <JR H TMRJM >T BNJ JHWDH MDBR JHWDH ;;;;;;;;;;;
450123;127759;676688;Judges;1;16;<LH;qal;;W ;phrase;;;CP;Conj;NA;NA;NA;;NA;NA
450123;127759;676689;Judges;1;16;<LH;qal;;BNJ QJNJ XTN MCH ;phrase;;;NP;Subj;core;NA;subject;;;
450123;127759;676690;Judges;1;16;<LH;qal;;<LW ;phrase;;;VP;Pred;core;regular;NA;;;
450123;127759;676691;Judges;1;16;<LH;qal;;M <JR H TMRJM ;phrase;;;PP;Cmpl;complement;NA;*;;location;location
450123;127759;676692;Judges;1;16;<LH;qal;;>T BNJ JHWDH ;phrase;;;PP;Adju;adjunct;NA;NA;;;
450123;127759;676693;Judges;1;16;<LH;qal;;MDBR JHWDH ;phrase;;;NP;Cmpl;complement;NA;*;;location;location
450143;127889;-1;Judges;1;22;<LH;qal;J<LW ;W J<LW BJT JWSP GM HM BJT_>L ;;;;;;;;;;;
450143;127889;676759;Judges;1;22;<LH;qal;;W ;phrase;;;CP;Conj;NA;NA;NA;;NA;NA
450143;127889;676760;Judges;1;22;<LH;qal;;J<LW ;phrase;;;VP;Pred;core;regular;NA;;;
450143;127889;676761;Judges;1;22;<LH;qal;;BJT JWSP GM HM ;phrase;;;NP;Subj;core;NA;subject;;;
450143;127889;676762;Judges;1;22;<LH;qal;;BJT_>L ;phrase;;;PrNP;Cmpl;complement;NA;*;;location;location
450186;128197;-1;Judges;2;1;<LH;qal;J<L ;W J<L ML>K JHWH MN H GLGL >L H BKJM ;;;;;;;;;;;
450186;128197;676907;Judges;2;1;<LH;qal;;W ;phrase;;;CP;Conj;NA;NA;NA;;NA;NA
450186;128197;676908;Judges;2;1;<LH;qal;;J<L ;phrase;;;VP;Pred;core;regular;NA;;;
450186;128197;676909;Judges;2;1;<LH;qal;;ML>K JHWH ;phrase;;;NP;Subj;core;NA;subject;;;
450186;128197;676910;Judges;2;1;<LH;qal;;MN H GLGL ;phrase;;;PP;Cmpl;complement;NA;*;;location;location
450186;128197;676911;Judges;2;1;<LH;qal;;>L H BKJM ;phrase;;;PP;Cmpl;complement;NA;*;;location;location
450188;128208;-1;Judges;2;1;<LH;hif;><LH ;><LH >TKM M MYRJM ;;;;;;;;;;;
450188;128208;676914;Judges;2;1;<LH;hif;;><LH ;phrase;;;VP;Pred;core;regular;NA;;;
450188;128208;676915;Judges;2;1;<LH;hif;;>TKM ;phrase;;;PP;Objc;complement;NA;direct_object;;;
450188;128208;676916;Judges;2;1;<LH;hif;;M MYRJM ;phrase;;;PP;Cmpl;complement;NA;*;;location;location
450421;129464;-1;Judges;4;5;<LH;qal;J<LW ;W J<LW >LJH BNJ JFR>L L  MCPV ;;;;;;;;;;;
450421;129464;677661;Judges;4;5;<LH;qal;;W ;phrase;;;CP;Conj;NA;NA;NA;;NA;NA
450421;129464;677662;Judges;4;5;<LH;qal;;J<LW ;phrase;;;VP;Pred;core;regular;NA;;;
450421;129464;677663;Judges;4;5;<LH;qal;;>LJH ;phrase;;;PP;Cmpl;complement;NA;indirect_object;;;
450421;129464;677664;Judges;4;5;<LH;qal;;BNJ JFR>L ;phrase;;;NP;Subj;core;NA;subject;;;
450421;129464;677665;Judges;4;5;<LH;qal;;L  MCPV ;phrase;;;PP;Adju;adjunct;NA;NA;;;
450444;129589;-1;Judges;4;10;<LH;qal;J<L ;W J<L B RGLJW <FRT >LPJ >JC ;;;;;;;;;;;
450444;129589;677742;Judges;4;10;<LH;qal;;W ;phrase;;;CP;Conj;NA;NA;NA;;NA;NA
450444;129589;677743;Judges;4;10;<LH;qal;;J<L ;phrase;;;VP;Pred;core;regular;NA;;;
450444;129589;677744;Judges;4;10;<LH;qal;;B RGLJW ;phrase;;;PP;Adju;adjunct;NA;NA;;;
450444;129589;677745;Judges;4;10;<LH;qal;;<FRT >LPJ >JC ;phrase;;;NP;Subj;core;NA;subject;;;
450445;129596;-1;Judges;4;10;<LH;qal;T<L ;W T<L <MW DBWRH ;;;;;;;;;;;
450445;129596;677746;Judges;4;10;<LH;qal;;W ;phrase;;;CP;Conj;NA;NA;NA;;NA;NA
450445;129596;677747;Judges;4;10;<LH;qal;;T<L ;phrase;;;VP;Pred;core;regular;NA;;;
450445;129596;677748;Judges;4;10;<LH;qal;;<MW ;phrase;;;PP;Cmpl;complement;NA;*;;;
450445;129596;677749;Judges;4;10;<LH;qal;;DBWRH ;phrase;;;PrNP;Subj;core;NA;subject;;;
450450;129626;-1;Judges;4;12;<LH;qal;<LH ;KJ <LH BRQ BN >BJN<M HR TBWR ;;;;;;;;;;;
450450;129626;677763;Judges;4;12;<LH;qal;;KJ ;phrase;;;CP;Conj;NA;NA;NA;;NA;NA
450450;129626;677764;Judges;4;12;<LH;qal;;<LH ;phrase;;;VP;Pred;core;regular;NA;;;
450450;129626;677765;Judges;4;12;<LH;qal;;BRQ BN >BJN<M ;phrase;;;PrNP;Subj;core;NA;subject;;;
450450;129626;677766;Judges;4;12;<LH;qal;;HR TBWR ;phrase;;;NP;Cmpl;complement;NA;*;;location;location
450650;130460;-1;Judges;6;3;<LH;qal;<LH ;W <LH MDJN W <MLQ W BNJ QDM ;;;;;;;;;;;
450650;130460;678276;Judges;6;3;<LH;qal;;W ;phrase;;;CP;Conj;NA;NA;NA;;NA;NA
450650;130460;678277;Judges;6;3;<LH;qal;;<LH ;phrase;;;VP;Pred;core;regular;NA;;;
450650;130460;678278;Judges;6;3;<LH;qal;;MDJN W <MLQ W BNJ QDM ;phrase;;;PrNP;Subj;core;NA;subject;;;
450651;130468;-1;Judges;6;3;<LH;qal;<LW ;W <LW <LJW ;;;;;;;;;;;
450651;130468;678279;Judges;6;3;<LH;qal;;W ;phrase;;;CP;Conj;NA;NA;NA;;NA;NA
450651;130468;678280;Judges;6;3;<LH;qal;;<LW ;phrase;;;VP;Pred;core;regular;NA;;;
450651;130468;678281;Judges;6;3;<LH;qal;;<LJW ;phrase;;;PP;Cmpl;complement;NA;*;;;
450657;130498;-1;Judges;6;5;<LH;qal;J<LW ;KJ HM W MQNJHM J<LW ;;;;;;;;;;;
450657;130498;678297;Judges;6;5;<LH;qal;;KJ ;phrase;;;CP;Conj;NA;NA;NA;;NA;NA
450657;130498;678298;Judges;6;5;<LH;qal;;HM W MQNJHM ;phrase;;;PPrP;Subj;core;NA;subject;;;
450657;130498;678299;Judges;6;5;<LH;qal;;J<LW ;phrase;;;VP;Pred;core;regular;NA;;;
450670;130563;-1;Judges;6;8;<LH;hif;H<LJTJ ;>NKJ H<LJTJ >TKM M MYRJM ;;;;;;;;;;;
450670;130563;678340;Judges;6;8;<LH;hif;;>NKJ ;phrase;;;PPrP;Subj;core;NA;subject;;;
450670;130563;678341;Judges;6;8;<LH;hif;;H<LJTJ ;phrase;;;VP;Pred;core;regular;NA;;;
450670;130563;678342;Judges;6;8;<LH;hif;;>TKM ;phrase;;;PP;Objc;complement;NA;direct_object;;;
450670;130563;678343;Judges;6;8;<LH;hif;;M MYRJM ;phrase;;;PP;Cmpl;complement;NA;*;;location;location
450697;130689;-1;Judges;6;13;<LH;hif;H<LNW ;H L> M MYRJM H<LNW JHWH ;;;;;;;;;;;
450697;130689;678425;Judges;6;13;<LH;hif;;H ;phrase;;;InrP;Ques;NA;NA;NA;;NA;NA
450697;130689;678426;Judges;6;13;<LH;hif;;L> ;phrase;;;NegP;Nega;NA;NA;NA;;NA;NA
450697;130689;678427;Judges;6;13;<LH;hif;;M MYRJM ;phrase;;;PP;Cmpl;complement;NA;*;;location;location
450697;130689;678428;Judges;6;13;<LH;hif;;H<LNW ;phrase;;;VP;PreO;core;regular;direct_object;;;
450697;130689;678429;Judges;6;13;<LH;hif;;JHWH ;phrase;;;PrNP;Subj;core;NA;subject;;;
450738;130879;-1;Judges;6;21;<LH;qal;T<L ;W T<L H >C MN H YWR ;;;;;;;;;;;
450738;130879;678553;Judges;6;21;<LH;qal;;W ;phrase;;;CP;Conj;NA;NA;NA;;NA;NA
450738;130879;678554;Judges;6;21;<LH;qal;;T<L ;phrase;;;VP;Pred;core;regular;NA;;;
450738;130879;678555;Judges;6;21;<LH;qal;;H >C ;phrase;;;NP;Subj;core;NA;subject;;;
450738;130879;678556;Judges;6;21;<LH;qal;;MN H YWR ;phrase;;;PP;Cmpl;complement;NA;*;;;
450765;131019;-1;Judges;6;26;<LH;hif;H<LJT ;W H<LJT <WLH B <YJ H >CRH ;;;;;;;;;;;
450765;131019;678634;Judges;6;26;<LH;hif;;W ;phrase;;;CP;Conj;NA;NA;NA;;NA;NA
450765;131019;678635;Judges;6;26;<LH;hif;;H<LJT ;phrase;;;VP;Pred;core;regular;NA;;;
450765;131019;678636;Judges;6;26;<LH;hif;;<WLH ;phrase;;;NP;Objc;complement;NA;direct_object;;;
450765;131019;678637;Judges;6;26;<LH;hif;;B <YJ H >CRH ;phrase;;;PP;Adju;adjunct;NA;NA;;;
450779;131086;-1;Judges;6;28;<LH;hof;H<LH ;W >T H PR H CNJ H<LH <L H MZBX ;;;;;;;;;;;
450779;131086;678674;Judges;6;28;<LH;hof;;W ;phrase;;;CP;Conj;NA;NA;NA;;NA;NA
450779;131086;678675;Judges;6;28;<LH;hof;;>T H PR H CNJ ;phrase;;;PP;Objc;complement;NA;direct_object;;;
450779;131086;678676;Judges;6;28;<LH;hof;;H<LH ;phrase;;;VP;Pred;core;regular;NA;;;
450779;131086;678677;Judges;6;28;<LH;hof;;<L H MZBX ;phrase;;;PP;Loca;adjunct;NA;NA;;location;location
450816;131250;-1;Judges;6;35;<LH;qal;J<LW ;W J<LW ;;;;;;;;;;;
450816;131250;678785;Judges;6;35;<LH;qal;;W ;phrase;;;CP;Conj;NA;NA;NA;;NA;NA
450816;131250;678786;Judges;6;35;<LH;qal;;J<LW ;phrase;;;VP;Pred;core;regular;NA;;;
450816;131250;450817;Judges;6;35;<LH;qal;;L QR>TM ;clause;InfC;Adju;;;NA;NA;;;;
451018;132286;-1;Judges;8;8;<LH;qal;J<L ;W J<L M CM PNW>L ;;;;;;;;;;;
451018;132286;679395;Judges;8;8;<LH;qal;;W ;phrase;;;CP;Conj;NA;NA;NA;;NA;NA
451018;132286;679396;Judges;8;8;<LH;qal;;J<L ;phrase;;;VP;Pred;core;regular;NA;;;
451018;132286;679397;Judges;8;8;<LH;qal;;M CM ;phrase;;;PP;Cmpl;complement;NA;*;;location;location
451018;132286;679398;Judges;8;8;<LH;qal;;PNW>L ;phrase;;;PrNP;Cmpl;complement;NA;*;;location;location
451032;132356;-1;Judges;8;11;<LH;qal;J<L ;W J<L GD<WN DRK M QDM L NBX W JGBHH ;;;;;;;;;;;
451032;132356;679433;Judges;8;11;<LH;qal;;W ;phrase;;;CP;Conj;NA;NA;NA;;NA;NA
451032;132356;679434;Judges;8;11;<LH;qal;;J<L ;phrase;;;VP;Pred;core;regular;NA;;;
451032;132356;679435;Judges;8;11;<LH;qal;;GD<WN ;phrase;;;PrNP;Subj;core;NA;subject;;;
451032;132356;679436;Judges;8;11;<LH;qal;;DRK ;phrase;;;NP;Cmpl;complement;NA;*;;location;location
451032;132356;679440;Judges;8;11;<LH;qal;;M QDM L NBX W JGBHH ;phrase;;;PP;Loca;adjunct;NA;NA;;location;location
451335;133863;-1;Judges;9;48;<LH;qal;J<L ;W J<L >BJMLK HR YLMWN HW> W KL H <M ;;;;;;;;;;;
451335;133863;680376;Judges;9;48;<LH;qal;;W ;phrase;;;CP;Conj;NA;NA;NA;;NA;NA
451335;133863;680377;Judges;9;48;<LH;qal;;J<L ;phrase;;;VP;Pred;core;regular;NA;;;
451335;133863;680378;Judges;9;48;<LH;qal;;>BJMLK HW> W KL H <M ;phrase;;;PrNP;Subj;core;NA;subject;;;
451335;133863;680379;Judges;9;48;<LH;qal;;HR YLMWN ;phrase;;;NP;Cmpl;complement;NA;*;;location;location
451358;133980;-1;Judges;9;51;<LH;qal;J<LW ;W J<LW <L GG H MGDL ;;;;;;;;;;;
451358;133980;680445;Judges;9;51;<LH;qal;;W ;phrase;;;CP;Conj;NA;NA;NA;;NA;NA
451358;133980;680446;Judges;9;51;<LH;qal;;J<LW ;phrase;;;VP;Pred;core;regular;NA;;;
451358;133980;680447;Judges;9;51;<LH;qal;;<L GG H MGDL ;phrase;;;PP;Cmpl;complement;NA;*;;;
451502;134731;-1;Judges;11;13;<LH;qal;<LWTW ;B <LWTW M MYRJM ;;;;;;;;;;;
451502;134731;680899;Judges;11;13;<LH;qal;;B <LWTW ;phrase;;;VP;PreS;core;regular;subject;;;
451502;134731;680900;Judges;11;13;<LH;qal;;M MYRJM ;phrase;;;PP;Cmpl;complement;NA;*;;location;location
451510;134780;-1;Judges;11;16;<LH;qal;<LWTM ;B <LWTM M MYRJM ;;;;;;;;;;;
451510;134780;680926;Judges;11;16;<LH;qal;;B <LWTM ;phrase;;;VP;PreS;core;regular;subject;;;
451510;134780;680927;Judges;11;16;<LH;qal;;M MYRJM ;phrase;;;PP;Cmpl;complement;NA;*;;location;location
451574;135153;-1;Judges;11;31;<LH;hif;H<LJTHW ;W H<LJTHW <WLH ;;;;;;;;;;;
451574;135153;681139;Judges;11;31;<LH;hif;;W ;phrase;;;CP;Conj;NA;NA;NA;;NA;NA
451574;135153;681140;Judges;11;31;<LH;hif;;H<LJTHW ;phrase;;;VP;PreO;core;regular;principal_direct_object;;;
451574;135153;681141;Judges;11;31;<LH;hif;;<WLH ;phrase;;;NP;Objc;complement;NA;NP_direct_object;;;
451638;135448;-1;Judges;12;3;<LH;qal;<LJTM ;W LMH <LJTM >LJ H JWM H ZH ;;;;;;;;;;;
451638;135448;681337;Judges;12;3;<LH;qal;;W ;phrase;;;CP;Conj;NA;NA;NA;;NA;NA
451638;135448;681338;Judges;12;3;<LH;qal;;LMH ;phrase;;;InrP;Ques;NA;NA;NA;;NA;NA
451638;135448;681339;Judges;12;3;<LH;qal;;<LJTM ;phrase;;;VP;Pred;core;regular;NA;;;
451638;135448;681340;Judges;12;3;<LH;qal;;>LJ ;phrase;;;PP;Cmpl;complement;NA;indirect_object;;;
451638;135448;681341;Judges;12;3;<LH;qal;;H JWM H ZH ;phrase;;;NP;Time;adjunct;NA;NA;;time;time
451638;135448;451639;Judges;12;3;<LH;qal;;L HLXM BJ ;clause;InfC;Adju;;;NA;NA;;;;
451704;135765;-1;Judges;13;5;<LH;qal;J<LH ;W MWRH L> J<LH <L R>CW ;;;;;;;;;;;
451704;135765;681542;Judges;13;5;<LH;qal;;W ;phrase;;;CP;Conj;NA;NA;NA;;NA;NA
451704;135765;681543;Judges;13;5;<LH;qal;;MWRH ;phrase;;;NP;Subj;core;NA;subject;;;
451704;135765;681544;Judges;13;5;<LH;qal;;L> ;phrase;;;NegP;Nega;NA;NA;NA;;NA;NA
451704;135765;681545;Judges;13;5;<LH;qal;;J<LH ;phrase;;;VP;Pred;core;regular;NA;;;
451704;135765;681546;Judges;13;5;<LH;qal;;<L R>CW ;phrase;;;PP;Cmpl;complement;NA;*;;;
451769;136046;-1;Judges;13;16;<LH;hif;T<LNH ;L JHWH T<LNH ;;;;;;;;;;;
451769;136046;681744;Judges;13;16;<LH;hif;;L JHWH ;phrase;;;PP;Cmpl;complement;NA;L_object;*;;
451769;136046;681745;Judges;13;16;<LH;hif;;T<LNH ;phrase;;;VP;PreO;core;regular;principal_direct_object;;;
451780;136093;-1;Judges;13;19;<LH;hif;J<L ;W J<L <L H YWR L JHWH ;;;;;;;;;;;
451780;136093;681778;Judges;13;19;<LH;hif;;W ;phrase;;;CP;Conj;NA;NA;NA;;NA;NA
451780;136093;681779;Judges;13;19;<LH;hif;;J<L ;phrase;;;VP;Pred;core;regular;NA;;;
451780;136093;681780;Judges;13;19;<LH;hif;;<L H YWR ;phrase;;;PP;Loca;adjunct;NA;NA;;location;location
451780;136093;681781;Judges;13;19;<LH;hif;;L JHWH ;phrase;;;PP;Cmpl;complement;NA;L_object;*;;
451785;136111;-1;Judges;13;20;<LH;qal;<LWT ;B <LWT H LHB M <L H MZBX H CMJMH ;;;;;;;;;;;
451785;136111;681790;Judges;13;20;<LH;qal;;B <LWT ;phrase;;;VP;Pred;core;regular;NA;;;
451785;136111;681791;Judges;13;20;<LH;qal;;H LHB ;phrase;;;NP;Subj;core;NA;subject;;;
451785;136111;681792;Judges;13;20;<LH;qal;;M <L H MZBX ;phrase;;;PP;Cmpl;complement;NA;*;;location;location
451785;136111;681793;Judges;13;20;<LH;qal;;H CMJMH ;phrase;;;AdvP;Cmpl;complement;NA;*;;location;location
451786;136121;-1;Judges;13;20;<LH;qal;J<L ;W J<L ML>K JHWH B LHB H MZBX ;;;;;;;;;;;
451786;136121;681794;Judges;13;20;<LH;qal;;W ;phrase;;;CP;Conj;NA;NA;NA;;NA;NA
451786;136121;681795;Judges;13;20;<LH;qal;;J<L ;phrase;;;VP;Pred;core;regular;NA;;;
451786;136121;681796;Judges;13;20;<LH;qal;;ML>K JHWH ;phrase;;;NP;Subj;core;NA;subject;;;
451786;136121;681797;Judges;13;20;<LH;qal;;B LHB H MZBX ;phrase;;;PP;Cmpl;complement;NA;*;;location;location
451810;136241;-1;Judges;14;2;<LH;qal;J<L ;W J<L ;;;;;;;;;;;
451810;136241;681875;Judges;14;2;<LH;qal;;W ;phrase;;;CP;Conj;NA;NA;NA;;NA;NA
451810;136241;681876;Judges;14;2;<LH;qal;;J<L ;phrase;;;VP;Pred;core;regular;NA;;;
451911;136716;-1;Judges;14;19;<LH;qal;J<L ;W J<L BJT >BJHW ;;;;;;;;;;;
451911;136716;682197;Judges;14;19;<LH;qal;;W ;phrase;;;CP;Conj;NA;NA;NA;;NA;NA
451911;136716;682198;Judges;14;19;<LH;qal;;J<L ;phrase;;;VP;Pred;core;regular;NA;;;
451911;136716;682199;Judges;14;19;<LH;qal;;BJT >BJHW ;phrase;;;NP;Cmpl;complement;NA;*;;location;location
451943;136864;-1;Judges;15;6;<LH;qal;J<LW ;W J<LW PLCTJM ;;;;;;;;;;;
451943;136864;682300;Judges;15;6;<LH;qal;;W ;phrase;;;CP;Conj;NA;NA;NA;;NA;NA
451943;136864;682301;Judges;15;6;<LH;qal;;J<LW ;phrase;;;VP;Pred;core;regular;NA;;;
451943;136864;682302;Judges;15;6;<LH;qal;;PLCTJM ;phrase;;;NP;Subj;core;NA;subject;;;
451953;136907;-1;Judges;15;9;<LH;qal;J<LW ;W J<LW PLCTJM ;;;;;;;;;;;
451953;136907;682330;Judges;15;9;<LH;qal;;W ;phrase;;;CP;Conj;NA;NA;NA;;NA;NA
451953;136907;682331;Judges;15;9;<LH;qal;;J<LW ;phrase;;;VP;Pred;core;regular;NA;;;
451953;136907;682332;Judges;15;9;<LH;qal;;PLCTJM ;phrase;;;NP;Subj;core;NA;subject;;;
451957;136923;-1;Judges;15;10;<LH;qal;<LJTM ;LMH <LJTM <LJNW ;;;;;;;;;;;
451957;136923;682342;Judges;15;10;<LH;qal;;LMH ;phrase;;;InrP;Ques;NA;NA;NA;;NA;NA
451957;136923;682343;Judges;15;10;<LH;qal;;<LJTM ;phrase;;;VP;Pred;core;regular;NA;;;
451957;136923;682344;Judges;15;10;<LH;qal;;<LJNW ;phrase;;;PP;Cmpl;complement;NA;*;;;
451960;136931;-1;Judges;15;10;<LH;qal;<LJNW ;<LJNW ;;;;;;;;;;;
451960;136931;682349;Judges;15;10;<LH;qal;;<LJNW ;phrase;;;VP;Pred;core;regular;NA;;;
451960;136931;451961;Judges;15;10;<LH;qal;;L <FWT LW ;clause;InfC;Adju;;;NA;NA;;;;
451960;136931;451959;Judges;15;10;<LH;qal;;L >SWR >T CMCWN ;clause;InfC;Adju;;;NA;NA;;;;
451985;137021;-1;Judges;15;13;<LH;hif;J<LWHW ;W J<LWHW MN H SL< ;;;;;;;;;;;
451985;137021;682417;Judges;15;13;<LH;hif;;W ;phrase;;;CP;Conj;NA;NA;NA;;NA;NA
451985;137021;682418;Judges;15;13;<LH;hif;;J<LWHW ;phrase;;;VP;PreO;core;regular;direct_object;;;
451985;137021;682419;Judges;15;13;<LH;hif;;MN H SL< ;phrase;;;PP;Cmpl;complement;NA;*;;;
452038;137271;-1;Judges;16;3;<LH;hif;J<LM ;W J<LM >L R>C H HR ;;;;;;;;;;;
452038;137271;682571;Judges;16;3;<LH;hif;;W ;phrase;;;CP;Conj;NA;NA;NA;;NA;NA
452038;137271;682572;Judges;16;3;<LH;hif;;J<LM ;phrase;;;VP;PreO;core;regular;direct_object;;;
452038;137271;682573;Judges;16;3;<LH;hif;;>L R>C H HR ;phrase;;;PP;Cmpl;complement;NA;*;;location;location
452043;137294;-1;Judges;16;5;<LH;qal;J<LW ;W J<LW >LJH SRNJ PLCTJM ;;;;;;;;;;;
452043;137294;682586;Judges;16;5;<LH;qal;;W ;phrase;;;CP;Conj;NA;NA;NA;;NA;NA
452043;137294;682587;Judges;16;5;<LH;qal;;J<LW ;phrase;;;VP;Pred;core;regular;NA;;;
452043;137294;682588;Judges;16;5;<LH;qal;;>LJH ;phrase;;;PP;Cmpl;complement;NA;indirect_object;;;
452043;137294;682589;Judges;16;5;<LH;qal;;SRNJ PLCTJM ;phrase;;;NP;Subj;core;NA;subject;;;
452062;137367;-1;Judges;16;8;<LH;hif;J<LW ;W J<LW LH SRNJ PLCTJM CB<H JTRJM LXJM ;;;;;;;;;;;
452062;137367;682641;Judges;16;8;<LH;hif;;W ;phrase;;;CP;Conj;NA;NA;NA;;NA;NA
452062;137367;682642;Judges;16;8;<LH;hif;;J<LW ;phrase;;;VP;Pred;core;regular;NA;;;
452062;137367;682643;Judges;16;8;<LH;hif;;LH ;phrase;;;PP;Cmpl;complement;NA;indirect_object;;;
452062;137367;682644;Judges;16;8;<LH;hif;;SRNJ PLCTJM ;phrase;;;NP;Subj;core;NA;subject;;;
452062;137367;682645;Judges;16;8;<LH;hif;;CB<H JTRJM LXJM ;phrase;;;NP;Objc;complement;NA;direct_object;;;
452117;137589;-1;Judges;16;17;<LH;qal;<LH ;MWRH L> <LH <L R>CJ ;;;;;;;;;;;
452117;137589;682808;Judges;16;17;<LH;qal;;MWRH ;phrase;;;NP;Subj;core;NA;subject;;;
452117;137589;682809;Judges;16;17;<LH;qal;;L> ;phrase;;;NegP;Nega;NA;NA;NA;;NA;NA
452117;137589;682810;Judges;16;17;<LH;qal;;<LH ;phrase;;;VP;Pred;core;regular;NA;;;
452117;137589;682811;Judges;16;17;<LH;qal;;<L R>CJ ;phrase;;;PP;Cmpl;complement;NA;*;;;
452128;137631;-1;Judges;16;18;<LH;qal;<LW ;<LW H P<M ;;;;;;;;;;;
452128;137631;682840;Judges;16;18;<LH;qal;;<LW ;phrase;;;VP;Pred;core;regular;NA;;;
452128;137631;682841;Judges;16;18;<LH;qal;;H P<M ;phrase;;;NP;Modi;NA;NA;NA;;NA;NA
452130;137641;-1;Judges;16;18;<LH;qal;<LW ;W <LW >LJH SRNJ PLCTJM ;;;;;;;;;;;
452130;137641;682846;Judges;16;18;<LH;qal;;W ;phrase;;;CP;Conj;NA;NA;NA;;NA;NA
452130;137641;682847;Judges;16;18;<LH;qal;;<LW ;phrase;;;VP;Pred;core;regular;NA;;;
452130;137641;682848;Judges;16;18;<LH;qal;;>LJH ;phrase;;;PP;Cmpl;complement;NA;indirect_object;;;
452130;137641;682849;Judges;16;18;<LH;qal;;SRNJ PLCTJM ;phrase;;;NP;Subj;core;NA;subject;;;
452131;137646;-1;Judges;16;18;<LH;hif;J<LW ;W J<LW H KSP B JDM ;;;;;;;;;;;
452131;137646;682850;Judges;16;18;<LH;hif;;W ;phrase;;;CP;Conj;NA;NA;NA;;NA;NA
452131;137646;682851;Judges;16;18;<LH;hif;;J<LW ;phrase;;;VP;Pred;core;regular;NA;;;
452131;137646;682852;Judges;16;18;<LH;hif;;H KSP ;phrase;;;NP;Objc;complement;NA;direct_object;;;
452131;137646;682853;Judges;16;18;<LH;hif;;B JDM ;phrase;;;PP;Cmpl;complement;NA;*;;location;location
452206;137971;-1;Judges;16;31;<LH;qal;J<LW ;W J<LW ;;;;;;;;;;;
452206;137971;683067;Judges;16;31;<LH;qal;;W ;phrase;;;CP;Conj;NA;NA;NA;;NA;NA
452206;137971;683068;Judges;16;31;<LH;qal;;J<LW ;phrase;;;VP;Pred;core;regular;NA;;;
452314;138505;-1;Judges;18;9;<LH;qal;N<LH ;W N<LH <LJHM ;;;;;;;;;;;
452314;138505;683408;Judges;18;9;<LH;qal;;W ;phrase;;;CP;Conj;NA;NA;NA;;NA;NA
452314;138505;683409;Judges;18;9;<LH;qal;;N<LH ;phrase;;;VP;Pred;core;regular;NA;;;
452314;138505;683410;Judges;18;9;<LH;qal;;<LJHM ;phrase;;;PP;Cmpl;complement;NA;*;;;
452330;138577;-1;Judges;18;12;<LH;qal;J<LW ;W J<LW ;;;;;;;;;;;
452330;138577;683450;Judges;18;12;<LH;qal;;W ;phrase;;;CP;Conj;NA;NA;NA;;NA;NA
452330;138577;683451;Judges;18;12;<LH;qal;;J<LW ;phrase;;;VP;Pred;core;regular;NA;;;
452350;138684;-1;Judges;18;17;<LH;qal;J<LW ;W J<LW XMCT H >NCJM ;;;;;;;;;;;
452350;138684;683508;Judges;18;17;<LH;qal;;W ;phrase;;;CP;Conj;NA;NA;NA;;NA;NA
452350;138684;683509;Judges;18;17;<LH;qal;;J<LW ;phrase;;;VP;Pred;core;regular;NA;;;
452350;138684;683510;Judges;18;17;<LH;qal;;XMCT H >NCJM ;phrase;;;NP;Subj;core;NA;subject;;;
452572;139740;-1;Judges;19;25;<LH;qal;<LWT ;B <LWT H CXR ;;;;;;;;;;;
452572;139740;684162;Judges;19;25;<LH;qal;;B <LWT ;phrase;;;VP;Pred;core;regular;NA;;;
452572;139740;684163;Judges;19;25;<LH;qal;;H CXR ;phrase;;;NP;Subj;core;NA;subject;;;
452601;139860;-1;Judges;19;30;<LH;qal;<LWT ;<LWT BNJ JFR>L M >RY MYRJM ;;;;;;;;;;;
452601;139860;684243;Judges;19;30;<LH;qal;;<LWT ;phrase;;;VP;Pred;core;regular;NA;;;
452601;139860;684244;Judges;19;30;<LH;qal;;BNJ JFR>L ;phrase;;;NP;Subj;core;NA;subject;;;
452601;139860;684245;Judges;19;30;<LH;qal;;M >RY MYRJM ;phrase;;;PP;Cmpl;complement;NA;*;;location;location
452611;139930;-1;Judges;20;3;<LH;qal;<LW ;KJ <LW BNJ JFR>L H MYPH ;;;;;;;;;;;
452611;139930;684273;Judges;20;3;<LH;qal;;KJ ;phrase;;;CP;Conj;NA;NA;NA;;NA;NA
452611;139930;684274;Judges;20;3;<LH;qal;;<LW ;phrase;;;VP;Pred;core;regular;NA;;;
452611;139930;684275;Judges;20;3;<LH;qal;;BNJ JFR>L ;phrase;;;NP;Subj;core;NA;subject;;;
452611;139930;684276;Judges;20;3;<LH;qal;;H MYPH ;phrase;;;PrNP;Cmpl;complement;NA;*;;location;location
452672;140254;-1;Judges;20;18;<LH;qal;J<LW ;W J<LW BJT_>L ;;;;;;;;;;;
452672;140254;684441;Judges;20;18;<LH;qal;;W ;phrase;;;CP;Conj;NA;NA;NA;;NA;NA
452672;140254;684442;Judges;20;18;<LH;qal;;J<LW ;phrase;;;VP;Pred;core;regular;NA;;;
452672;140254;684443;Judges;20;18;<LH;qal;;BJT_>L ;phrase;;;PrNP;Cmpl;complement;NA;*;;location;location
452675;140265;-1;Judges;20;18;<LH;qal;J<LH ;MJ J<LH LNW B  TXLH L  MLXMH <M BNJ BNJMN ;;;;;;;;;;;
452675;140265;684450;Judges;20;18;<LH;qal;;MJ ;phrase;;;IPrP;Subj;core;NA;subject;;;
452675;140265;684451;Judges;20;18;<LH;qal;;J<LH ;phrase;;;VP;Pred;core;regular;NA;;;
452675;140265;684452;Judges;20;18;<LH;qal;;LNW ;phrase;;;PP;Adju;adjunct;NA;NA;;;
452675;140265;684453;Judges;20;18;<LH;qal;;B  TXLH ;phrase;;;PP;Adju;adjunct;NA;NA;;;
452675;140265;684454;Judges;20;18;<LH;qal;;L  MLXMH <M BNJ BNJMN ;phrase;;;PP;Cmpl;complement;NA;L_object;*;;
452688;140358;-1;Judges;20;23;<LH;qal;J<LW ;W J<LW BNJ JFR>L ;;;;;;;;;;;
452688;140358;684499;Judges;20;23;<LH;qal;;W ;phrase;;;CP;Conj;NA;NA;NA;;NA;NA
452688;140358;684500;Judges;20;23;<LH;qal;;J<LW ;phrase;;;VP;Pred;core;regular;NA;;;
452688;140358;684501;Judges;20;23;<LH;qal;;BNJ JFR>L ;phrase;;;NP;Subj;core;NA;subject;;;
452695;140389;-1;Judges;20;23;<LH;qal;<LW ;<LW >LJW ;;;;;;;;;;;
452695;140389;684517;Judges;20;23;<LH;qal;;<LW ;phrase;;;VP;Pred;core;regular;NA;;;
452695;140389;684518;Judges;20;23;<LH;qal;;>LJW ;phrase;;;PP;Cmpl;complement;NA;indirect_object;;;
452701;140432;-1;Judges;20;26;<LH;qal;J<LW ;W J<LW KL BNJ JFR>L W KL H <M ;;;;;;;;;;;
452701;140432;684538;Judges;20;26;<LH;qal;;W ;phrase;;;CP;Conj;NA;NA;NA;;NA;NA
452701;140432;684539;Judges;20;26;<LH;qal;;J<LW ;phrase;;;VP;Pred;core;regular;NA;;;
452701;140432;684540;Judges;20;26;<LH;qal;;KL BNJ JFR>L W KL H <M ;phrase;;;NP;Subj;core;NA;subject;;;
452706;140462;-1;Judges;20;26;<LH;hif;J<LW ;W J<LW <LWT W CLMJM L PNJ JHWH ;;;;;;;;;;;
452706;140462;684553;Judges;20;26;<LH;hif;;W ;phrase;;;CP;Conj;NA;NA;NA;;NA;NA
452706;140462;684554;Judges;20;26;<LH;hif;;J<LW ;phrase;;;VP;Pred;core;regular;NA;;;
452706;140462;684555;Judges;20;26;<LH;hif;;<LWT W CLMJM ;phrase;;;NP;Objc;complement;NA;direct_object;;;
452706;140462;684556;Judges;20;26;<LH;hif;;L PNJ JHWH ;phrase;;;PP;Cmpl;complement;NA;*;;location;location
452715;140519;-1;Judges;20;28;<LH;qal;<LW ;<LW ;;;;;;;;;;;
452715;140519;684581;Judges;20;28;<LH;qal;;<LW ;phrase;;;VP;Pred;core;regular;NA;;;
452718;140534;-1;Judges;20;30;<LH;qal;J<LW ;W J<LW BNJ JFR>L >L BNJ BNJMN B  JWM H CLJCJ ;;;;;;;;;;;
452718;140534;684591;Judges;20;30;<LH;qal;;W ;phrase;;;CP;Conj;NA;NA;NA;;NA;NA
452718;140534;684592;Judges;20;30;<LH;qal;;J<LW ;phrase;;;VP;Pred;core;regular;NA;;;
452718;140534;684593;Judges;20;30;<LH;qal;;BNJ JFR>L ;phrase;;;NP;Subj;core;NA;subject;;;
452718;140534;684594;Judges;20;30;<LH;qal;;>L BNJ BNJMN ;phrase;;;PP;Cmpl;complement;NA;indirect_object;;;
452718;140534;684595;Judges;20;30;<LH;qal;;B  JWM H CLJCJ ;phrase;;;PP;Time;adjunct;NA;NA;;time;time
452725;140583;-1;Judges;20;31;<LH;qal;<LH ;>CR >XT <LH BJT_>L ;;;;;;;;;;;
452725;140583;684614;Judges;20;31;<LH;qal;;>CR ;phrase;;;CP;Rela;NA;NA;NA;;NA;NA
452725;140583;684615;Judges;20;31;<LH;qal;;>XT ;phrase;;;NP;Subj;core;NA;subject;;;
452725;140583;684616;Judges;20;31;<LH;qal;;<LH ;phrase;;;VP;PreC;core;regular;NA;;;
452725;140583;684617;Judges;20;31;<LH;qal;;BJT_>L ;phrase;;;PrNP;Cmpl;complement;NA;*;;location;location
452754;140755;-1;Judges;20;38;<LH;hif;H<LWTM ;L H<LWTM MF>T H <CN MN H <JR ;;;;;;;;;;;
452754;140755;684715;Judges;20;38;<LH;hif;;L H<LWTM ;phrase;;;VP;PreS;core;regular;subject;;;
452754;140755;684716;Judges;20;38;<LH;hif;;MF>T H <CN ;phrase;;;NP;Objc;complement;NA;direct_object;;;
452754;140755;684717;Judges;20;38;<LH;hif;;MN H <JR ;phrase;;;PP;Cmpl;complement;NA;*;;location;location
452761;140799;-1;Judges;20;40;<LH;qal;<LWT ;L <LWT MN H <JR ;;;;;;;;;;;
452761;140799;684739;Judges;20;40;<LH;qal;;L <LWT ;phrase;;;VP;Pred;core;regular;NA;;;
452761;140799;684740;Judges;20;40;<LH;qal;;MN H <JR ;phrase;;;PP;Cmpl;complement;NA;*;;location;location
452764;140811;-1;Judges;20;40;<LH;qal;<LH ;<LH KLJL H <JR H CMJMH ;;;;;;;;;;;
452764;140811;684748;Judges;20;40;<LH;qal;;<LH ;phrase;;;VP;Pred;core;regular;NA;;;
452764;140811;684749;Judges;20;40;<LH;qal;;KLJL H <JR ;phrase;;;NP;Subj;core;NA;subject;;;
452764;140811;684750;Judges;20;40;<LH;qal;;H CMJMH ;phrase;;;AdvP;Cmpl;complement;NA;*;;location;location
452809;141055;-1;Judges;21;4;<LH;hif;J<LW ;W J<LW <LWT W CLMJM ;;;;;;;;;;;
452809;141055;684890;Judges;21;4;<LH;hif;;W ;phrase;;;CP;Conj;NA;NA;NA;;NA;NA
452809;141055;684891;Judges;21;4;<LH;hif;;J<LW ;phrase;;;VP;Pred;core;regular;NA;;;
452809;141055;684892;Judges;21;4;<LH;hif;;<LWT W CLMJM ;phrase;;;NP;Objc;complement;NA;direct_object;;;
452812;141066;-1;Judges;21;5;<LH;qal;<LH ;>CR L> <LH B  QHL M KL CBVJ JFR>L >L JHWH ;;;;;;;;;;;
452812;141066;684897;Judges;21;5;<LH;qal;;>CR ;phrase;;;CP;Rela;NA;NA;NA;;NA;NA
452812;141066;684898;Judges;21;5;<LH;qal;;L> ;phrase;;;NegP;Nega;NA;NA;NA;;NA;NA
452812;141066;684899;Judges;21;5;<LH;qal;;<LH ;phrase;;;VP;Pred;core;regular;NA;;;
452812;141066;684900;Judges;21;5;<LH;qal;;B  QHL ;phrase;;;PP;Adju;adjunct;NA;NA;;;
452812;141066;684901;Judges;21;5;<LH;qal;;M KL CBVJ JFR>L ;phrase;;;PP;Cmpl;complement;NA;*;;location;location
452812;141066;684902;Judges;21;5;<LH;qal;;>L JHWH ;phrase;;;PP;Cmpl;complement;NA;indirect_object;;;
452814;141085;-1;Judges;21;5;<LH;qal;<LH ;L >CR L> <LH >L JHWH H MYPH ;;;;;;;;;;;
452814;141085;684906;Judges;21;5;<LH;qal;;L >CR ;phrase;;;CP;Rela;NA;NA;NA;;NA;NA
452814;141085;684907;Judges;21;5;<LH;qal;;L> ;phrase;;;NegP;Nega;NA;NA;NA;;NA;NA
452814;141085;684908;Judges;21;5;<LH;qal;;<LH ;phrase;;;VP;Pred;core;regular;NA;;;
452814;141085;684909;Judges;21;5;<LH;qal;;>L JHWH ;phrase;;;PP;Cmpl;complement;NA;indirect_object;;;
452814;141085;684910;Judges;21;5;<LH;qal;;H MYPH ;phrase;;;PrNP;Cmpl;complement;NA;*;;location;location
452825;141140;-1;Judges;21;8;<LH;qal;<LH ;>CR L> <LH >L JHWH H MYPH ;;;;;;;;;;;
452825;141140;684940;Judges;21;8;<LH;qal;;>CR ;phrase;;;CP;Rela;NA;NA;NA;;NA;NA
452825;141140;684941;Judges;21;8;<LH;qal;;L> ;phrase;;;NegP;Nega;NA;NA;NA;;NA;NA
452825;141140;684942;Judges;21;8;<LH;qal;;<LH ;phrase;;;VP;Pred;core;regular;NA;;;
452825;141140;684943;Judges;21;8;<LH;qal;;>L JHWH ;phrase;;;PP;Cmpl;complement;NA;indirect_object;;;
452825;141140;684944;Judges;21;8;<LH;qal;;H MYPH ;phrase;;;PrNP;Cmpl;complement;NA;*;;location;location
452869;141375;-1;Judges;21;19;<LH;qal;<LH ;H <LH M BJT_>L CKMH W M NGB L LBWNH ;;;;;;;;;;;
452869;141375;685080;Judges;21;19;<LH;qal;;H ;phrase;;;CP;Rela;NA;NA;NA;;NA;NA
452869;141375;685081;Judges;21;19;<LH;qal;;<LH ;phrase;;;VP;PreC;core;regular;NA;;;
452869;141375;685082;Judges;21;19;<LH;qal;;M BJT_>L CKMH W M NGB L LBWNH ;phrase;;;PP;Cmpl;complement;NA;*;;location;location
452911;141573;-1;1_Samuel;1;3;<LH;qal;<LH ;W <LH H >JC H HW> M <JRW M JMJM JMJMH ;;;;;;;;;;;
452911;141573;685202;1_Samuel;1;3;<LH;qal;;W ;phrase;;;CP;Conj;NA;NA;NA;;NA;NA
452911;141573;685203;1_Samuel;1;3;<LH;qal;;<LH ;phrase;;;VP;Pred;core;regular;NA;;;
452911;141573;685204;1_Samuel;1;3;<LH;qal;;H >JC H HW> ;phrase;;;NP;Subj;core;NA;subject;;;
452911;141573;685205;1_Samuel;1;3;<LH;qal;;M <JRW ;phrase;;;PP;Cmpl;complement;NA;*;;location;location
452911;141573;685206;1_Samuel;1;3;<LH;qal;;M JMJM JMJMH ;phrase;;;PP;Time;adjunct;NA;NA;;time;time
452911;141573;452912;1_Samuel;1;3;<LH;qal;;L HCTXWT ;clause;InfC;Adju;;;NA;NA;;;;
452925;141659;-1;1_Samuel;1;7;<LH;qal;<LTH ;M DJ <LTH B BJT JHWH ;;;;;;;;;;;
452925;141659;685250;1_Samuel;1;7;<LH;qal;;M DJ <LTH ;phrase;;;VP;PreS;core;regular;subject;;;
452925;141659;685251;1_Samuel;1;7;<LH;qal;;B BJT JHWH ;phrase;;;PP;Cmpl;complement;NA;*;;location;location
452950;141763;-1;1_Samuel;1;11;<LH;qal;J<LH ;W MWRH L> J<LH <L R>CW ;;;;;;;;;;;
452950;141763;685325;1_Samuel;1;11;<LH;qal;;W ;phrase;;;CP;Conj;NA;NA;NA;;NA;NA
452950;141763;685326;1_Samuel;1;11;<LH;qal;;MWRH ;phrase;;;NP;Subj;core;NA;subject;;;
452950;141763;685327;1_Samuel;1;11;<LH;qal;;L> ;phrase;;;NegP;Nega;NA;NA;NA;;NA;NA
452950;141763;685328;1_Samuel;1;11;<LH;qal;;J<LH ;phrase;;;VP;Pred;core;regular;NA;;;
452950;141763;685329;1_Samuel;1;11;<LH;qal;;<L R>CW ;phrase;;;PP;Cmpl;complement;NA;*;;;
452992;141939;-1;1_Samuel;1;21;<LH;qal;J<L ;W J<L H >JC >LQNH W KL BJTW ;;;;;;;;;;;
452992;141939;685456;1_Samuel;1;21;<LH;qal;;W ;phrase;;;CP;Conj;NA;NA;NA;;NA;NA
452992;141939;685457;1_Samuel;1;21;<LH;qal;;J<L ;phrase;;;VP;Pred;core;regular;NA;;;
452992;141939;685458;1_Samuel;1;21;<LH;qal;;H >JC >LQNH W KL BJTW ;phrase;;;NP;Subj;core;NA;subject;;;
452992;141939;452993;1_Samuel;1;21;<LH;qal;;L ZBX L JHWH >T ZBX H JMJM W >T NDRW ;clause;InfC;Adju;;;NA;NA;;;;
452994;141960;-1;1_Samuel;1;22;<LH;qal;<LTH ;W XNH L> <LTH ;;;;;;;;;;;
452994;141960;685462;1_Samuel;1;22;<LH;qal;;W ;phrase;;;CP;Conj;NA;NA;NA;;NA;NA
452994;141960;685463;1_Samuel;1;22;<LH;qal;;XNH ;phrase;;;PrNP;Subj;core;NA;subject;;;
452994;141960;685464;1_Samuel;1;22;<LH;qal;;L> ;phrase;;;NegP;Nega;NA;NA;NA;;NA;NA
452994;141960;685465;1_Samuel;1;22;<LH;qal;;<LTH ;phrase;;;VP;Pred;core;regular;NA;;;
453009;142012;-1;1_Samuel;1;24;<LH;hif;T<LHW ;W T<LHW <MH B PRJM CLCH W >JPH >XT QMX W NBL JJN ;;;;;;;;;;;
453009;142012;685504;1_Samuel;1;24;<LH;hif;;W ;phrase;;;CP;Conj;NA;NA;NA;;NA;NA
453009;142012;685505;1_Samuel;1;24;<LH;hif;;T<LHW ;phrase;;;VP;PreO;core;regular;direct_object;;;
453009;142012;685506;1_Samuel;1;24;<LH;hif;;<MH ;phrase;;;PP;Cmpl;complement;NA;*;;;
453009;142012;685509;1_Samuel;1;24;<LH;hif;;B PRJM CLCH W >JPH >XT QMX W NBL JJN ;phrase;;;PP;Cmpl;complement;NA;*;;location;location
453051;142183;-1;1_Samuel;2;6;<LH;hif;J<L ;W J<L ;;;;;;;;;;;
453051;142183;685625;1_Samuel;2;6;<LH;hif;;W ;phrase;;;CP;Conj;NA;NA;NA;;NA;NA
453051;142183;685626;1_Samuel;2;6;<LH;hif;;J<L ;phrase;;;VP;Pred;core;regular;NA;;;
453083;142327;-1;1_Samuel;2;14;<LH;hif;J<LH ;>CR J<LH H MZLG ;;;;;;;;;;;
453083;142327;685713;1_Samuel;2;14;<LH;hif;;>CR ;phrase;;;CP;Rela;NA;NA;NA;;NA;NA
453083;142327;685714;1_Samuel;2;14;<LH;hif;;J<LH ;phrase;;;VP;Pred;core;regular;NA;;;
453083;142327;685715;1_Samuel;2;14;<LH;hif;;H MZLG ;phrase;;;NP;Subj;core;NA;subject;;;
453107;142444;-1;1_Samuel;2;19;<LH;hif;H<LTH ;W H<LTH LW M JMJM JMJMH ;;;;;;;;;;;
453107;142444;685793;1_Samuel;2;19;<LH;hif;;W ;phrase;;;CP;Conj;NA;NA;NA;;NA;NA
453107;142444;685794;1_Samuel;2;19;<LH;hif;;H<LTH ;phrase;;;VP;Pred;core;regular;NA;;;
453107;142444;685795;1_Samuel;2;19;<LH;hif;;LW ;phrase;;;PP;Cmpl;complement;NA;indirect_object;;;
453107;142444;685796;1_Samuel;2;19;<LH;hif;;M JMJM JMJMH ;phrase;;;PP;Time;adjunct;NA;NA;;time;time
453107;142444;453108;1_Samuel;2;19;<LH;hif;;B <LWTH >T >JCH ;clause;InfC;Adju;;;NA;NA;;;;
453108;142450;-1;1_Samuel;2;19;<LH;qal;<LWTH ;B <LWTH >T >JCH ;;;;;;;;;;;
453108;142450;685797;1_Samuel;2;19;<LH;qal;;B <LWTH ;phrase;;;VP;PreS;core;regular;subject;;;
453108;142450;685798;1_Samuel;2;19;<LH;qal;;>T >JCH ;phrase;;;PP;Adju;adjunct;NA;NA;;;
453108;142450;453109;1_Samuel;2;19;<LH;qal;;L ZBX >T ZBX H JMJM ;clause;InfC;Adju;;;NA;NA;;;;
453147;142651;-1;1_Samuel;2;28;<LH;hif;<LWT ;L <LWT <L MZBXJ ;;;;;;;;;;;
453147;142651;685925;1_Samuel;2;28;<LH;hif;;L <LWT ;phrase;;;VP;Pred;core;regular;NA;;;
453147;142651;685926;1_Samuel;2;28;<LH;hif;;<L MZBXJ ;phrase;;;PP;Cmpl;complement;NA;*;;location;location
453147;142651;453148;1_Samuel;2;28;<LH;hif;;L HQVJR QVRT ;clause;InfC;Coor;;;NA;NA;;;;
453477;144107;-1;1_Samuel;5;12;<LH;qal;T<L ;W T<L CW<T H <JR H CMJM ;;;;;;;;;;;
453477;144107;686882;1_Samuel;5;12;<LH;qal;;W ;phrase;;;CP;Conj;NA;NA;NA;;NA;NA
453477;144107;686883;1_Samuel;5;12;<LH;qal;;T<L ;phrase;;;VP;Pred;core;regular;NA;;;
453477;144107;686884;1_Samuel;5;12;<LH;qal;;CW<T H <JR ;phrase;;;NP;Subj;core;NA;subject;;;
453477;144107;686885;1_Samuel;5;12;<LH;qal;;H CMJM ;phrase;;;NP;Cmpl;complement;NA;*;;location;location
453511;144269;-1;1_Samuel;6;7;<LH;qal;<LH ;>CR L> <LH <LJHM <L ;;;;;;;;;;;
453511;144269;686980;1_Samuel;6;7;<LH;qal;;>CR ;phrase;;;CP;Rela;NA;NA;NA;;NA;NA
453511;144269;686981;1_Samuel;6;7;<LH;qal;;L> ;phrase;;;NegP;Nega;NA;NA;NA;;NA;NA
453511;144269;686982;1_Samuel;6;7;<LH;qal;;<LH ;phrase;;;VP;Pred;core;regular;NA;;;
453511;144269;686983;1_Samuel;6;7;<LH;qal;;<LJHM ;phrase;;;PP;Cmpl;complement;NA;*;;;
453511;144269;686984;1_Samuel;6;7;<LH;qal;;<L ;phrase;;;NP;Subj;core;NA;subject;;;
453521;144323;-1;1_Samuel;6;9;<LH;qal;J<LH ;>M DRK GBWLW J<LH BJT_CMC ;;;;;;;;;;;
453521;144323;687017;1_Samuel;6;9;<LH;qal;;>M ;phrase;;;CP;Conj;NA;NA;NA;;NA;NA
453521;144323;687018;1_Samuel;6;9;<LH;qal;;DRK GBWLW ;phrase;;;PP;Cmpl;complement;NA;*;;location;location
453521;144323;687019;1_Samuel;6;9;<LH;qal;;J<LH ;phrase;;;VP;Pred;core;regular;NA;;;
453521;144323;687020;1_Samuel;6;9;<LH;qal;;BJT_CMC ;phrase;;;PrNP;Cmpl;complement;NA;*;;location;location
453546;144471;-1;1_Samuel;6;14;<LH;hif;H<LW ;W >T H PRWT H<LW <LH L JHWH ;;;;;;;;;;;
453546;144471;687101;1_Samuel;6;14;<LH;hif;;W ;phrase;;;CP;Conj;NA;NA;NA;;NA;NA
453546;144471;687102;1_Samuel;6;14;<LH;hif;;>T H PRWT ;phrase;;;PP;Objc;complement;NA;principal_direct_object;;;
453546;144471;687103;1_Samuel;6;14;<LH;hif;;H<LW ;phrase;;;VP;Pred;core;regular;NA;;;
453546;144471;687104;1_Samuel;6;14;<LH;hif;;<LH ;phrase;;;NP;Objc;complement;NA;NP_direct_object;;;
453546;144471;687105;1_Samuel;6;14;<LH;hif;;L JHWH ;phrase;;;PP;Cmpl;complement;NA;L_object;*;;
453551;144502;-1;1_Samuel;6;15;<LH;hif;H<LW ;W >NCJ BJT_CMC H<LW <LWT ;;;;;;;;;;;
453551;144502;687118;1_Samuel;6;15;<LH;hif;;W ;phrase;;;CP;Conj;NA;NA;NA;;NA;NA
453551;144502;687119;1_Samuel;6;15;<LH;hif;;>NCJ BJT_CMC ;phrase;;;NP;Subj;core;NA;subject;;;
453551;144502;687120;1_Samuel;6;15;<LH;hif;;H<LW ;phrase;;;VP;Pred;core;regular;NA;;;
453551;144502;687121;1_Samuel;6;15;<LH;hif;;<LWT ;phrase;;;NP;Objc;complement;NA;direct_object;;;
453573;144647;-1;1_Samuel;6;20;<LH;qal;J<LH ;W >L MJ J<LH M <LJNW ;;;;;;;;;;;
453573;144647;687186;1_Samuel;6;20;<LH;qal;;W ;phrase;;;CP;Conj;NA;NA;NA;;NA;NA
453573;144647;687187;1_Samuel;6;20;<LH;qal;;>L MJ ;phrase;;;PP;Cmpl;complement;NA;*;;;
453573;144647;687188;1_Samuel;6;20;<LH;qal;;J<LH ;phrase;;;VP;Pred;core;regular;NA;;;
453573;144647;687189;1_Samuel;6;20;<LH;qal;;M <LJNW ;phrase;;;PP;Cmpl;complement;NA;*;;;
453578;144664;-1;1_Samuel;6;21;<LH;hif;H<LW ;H<LW >TW >LJKM ;;;;;;;;;;;
453578;144664;687199;1_Samuel;6;21;<LH;hif;;H<LW ;phrase;;;VP;Pred;core;regular;NA;;;
453578;144664;687200;1_Samuel;6;21;<LH;hif;;>TW ;phrase;;;PP;Objc;complement;NA;direct_object;;;
453578;144664;687201;1_Samuel;6;21;<LH;hif;;>LJKM ;phrase;;;PP;Cmpl;complement;NA;indirect_object;;;
453580;144672;-1;1_Samuel;7;1;<LH;hif;J<LW ;W J<LW >T >RWN JHWH ;;;;;;;;;;;
453580;144672;687205;1_Samuel;7;1;<LH;hif;;W ;phrase;;;CP;Conj;NA;NA;NA;;NA;NA
453580;144672;687206;1_Samuel;7;1;<LH;hif;;J<LW ;phrase;;;VP;Pred;core;regular;NA;;;
453580;144672;687207;1_Samuel;7;1;<LH;hif;;>T >RWN JHWH ;phrase;;;PP;Objc;complement;NA;direct_object;;;
453610;144836;-1;1_Samuel;7;7;<LH;qal;J<LW ;W J<LW SRNJ PLCTJM >L JFR>L ;;;;;;;;;;;
453610;144836;687304;1_Samuel;7;7;<LH;qal;;W ;phrase;;;CP;Conj;NA;NA;NA;;NA;NA
453610;144836;687305;1_Samuel;7;7;<LH;qal;;J<LW ;phrase;;;VP;Pred;core;regular;NA;;;
453610;144836;687306;1_Samuel;7;7;<LH;qal;;SRNJ PLCTJM ;phrase;;;NP;Subj;core;NA;subject;;;
453610;144836;687307;1_Samuel;7;7;<LH;qal;;>L JFR>L ;phrase;;;PP;Cmpl;complement;NA;*;;location;location
453618;144876;-1;1_Samuel;7;9;<LH;hif;J<LH ;W J<LH <WLH KLJL L JHWH ;;;;;;;;;;;
453618;144876;687330;1_Samuel;7;9;<LH;hif;;W ;phrase;;;CP;Conj;NA;NA;NA;;NA;NA
453618;144876;687331;1_Samuel;7;9;<LH;hif;;J<LH ;phrase;;;VP;PreO;core;regular;principal_direct_object;;;
453618;144876;687332;1_Samuel;7;9;<LH;hif;;<WLH ;phrase;;;NP;Objc;complement;NA;NP_direct_object;;;
453618;144876;687333;1_Samuel;7;9;<LH;hif;;KLJL ;phrase;;;AdjP;PrAd;adjunct;NA;NA;;;
453618;144876;687334;1_Samuel;7;9;<LH;hif;;L JHWH ;phrase;;;PP;Cmpl;complement;NA;L_object;*;;
453622;144894;-1;1_Samuel;7;10;<LH;hif;M<LH ;CMW>L M<LH H <WLH ;;;;;;;;;;;
453622;144894;687345;1_Samuel;7;10;<LH;hif;;CMW>L ;phrase;;;PrNP;Subj;core;NA;subject;;;
453622;144894;687346;1_Samuel;7;10;<LH;hif;;M<LH ;phrase;;;VP;PreC;core;regular;NA;;;
453622;144894;687347;1_Samuel;7;10;<LH;hif;;H <WLH ;phrase;;;NP;Objc;complement;NA;direct_object;;;
453681;145208;-1;1_Samuel;8;8;<LH;hif;H<LTJ ;H<LTJ >TM M MYRJM ;;;;;;;;;;;
453681;145208;687545;1_Samuel;8;8;<LH;hif;;H<LTJ ;phrase;;;VP;PreS;core;regular;subject;;;
453681;145208;687546;1_Samuel;8;8;<LH;hif;;>TM ;phrase;;;PP;Objc;complement;NA;direct_object;;;
453681;145208;687547;1_Samuel;8;8;<LH;hif;;M MYRJM ;phrase;;;PP;Cmpl;complement;NA;*;;location;location
453793;145745;-1;1_Samuel;9;11;<LH;qal;<LJM ;HMH <LJM B M<LH H <JR ;;;;;;;;;;;
453793;145745;687881;1_Samuel;9;11;<LH;qal;;HMH ;phrase;;;PPrP;Subj;core;NA;subject;;;
453793;145745;687882;1_Samuel;9;11;<LH;qal;;<LJM ;phrase;;;VP;PreC;core;regular;NA;;;
453793;145745;687883;1_Samuel;9;11;<LH;qal;;B M<LH H <JR ;phrase;;;PP;Cmpl;complement;NA;*;;location;location
453808;145804;-1;1_Samuel;9;13;<LH;qal;J<LH ;B VRM J<LH H BMTH ;;;;;;;;;;;
453808;145804;687922;1_Samuel;9;13;<LH;qal;;B VRM ;phrase;;;CP;Conj;NA;NA;NA;;NA;NA
453808;145804;687923;1_Samuel;9;13;<LH;qal;;J<LH ;phrase;;;VP;Pred;core;regular;NA;;;
453808;145804;687924;1_Samuel;9;13;<LH;qal;;H BMTH ;phrase;;;AdvP;Cmpl;complement;NA;*;;location;location
453808;145804;453809;1_Samuel;9;13;<LH;qal;;L >KL ;clause;InfC;Adju;;;NA;NA;;;;
453815;145828;-1;1_Samuel;9;13;<LH;qal;<LW ;<LW ;;;;;;;;;;;
453815;145828;687940;1_Samuel;9;13;<LH;qal;;<LW ;phrase;;;VP;Pred;core;regular;NA;;;
453818;145837;-1;1_Samuel;9;14;<LH;qal;J<LW ;W J<LW H <JR ;;;;;;;;;;;
453818;145837;687946;1_Samuel;9;14;<LH;qal;;W ;phrase;;;CP;Conj;NA;NA;NA;;NA;NA
453818;145837;687947;1_Samuel;9;14;<LH;qal;;J<LW ;phrase;;;VP;Pred;core;regular;NA;;;
453818;145837;687948;1_Samuel;9;14;<LH;qal;;H <JR ;phrase;;;NP;Cmpl;complement;NA;*;;location;location
453823;145853;-1;1_Samuel;9;14;<LH;qal;<LWT ;L <LWT H BMH ;;;;;;;;;;;
453823;145853;687957;1_Samuel;9;14;<LH;qal;;L <LWT ;phrase;;;VP;Pred;core;regular;NA;;;
453823;145853;687958;1_Samuel;9;14;<LH;qal;;H BMH ;phrase;;;NP;Cmpl;complement;NA;*;;;
453844;145949;-1;1_Samuel;9;19;<LH;qal;<LH ;<LH L PNJ H BMH ;;;;;;;;;;;
453844;145949;688020;1_Samuel;9;19;<LH;qal;;<LH ;phrase;;;VP;Pred;core;regular;NA;;;
453844;145949;688021;1_Samuel;9;19;<LH;qal;;L PNJ ;phrase;;;PP;Cmpl;complement;NA;*;;location;location
453844;145949;688022;1_Samuel;9;19;<LH;qal;;H BMH ;phrase;;;NP;Cmpl;complement;NA;*;;;
453885;146143;-1;1_Samuel;9;26;<LH;qal;<LWT ;K <LWT H CXR ;;;;;;;;;;;
453885;146143;688143;1_Samuel;9;26;<LH;qal;;K <LWT ;phrase;;;VP;Pred;core;regular;NA;;;
453885;146143;688144;1_Samuel;9;26;<LH;qal;;H CXR ;phrase;;;NP;Subj;core;NA;subject;;;
453918;146286;-1;1_Samuel;10;3;<LH;qal;<LJM ;<LJM >L H >LHJM BJT_>L ;;;;;;;;;;;
453918;146286;688237;1_Samuel;10;3;<LH;qal;;<LJM ;phrase;;;VP;PreC;core;regular;NA;;;
453918;146286;688238;1_Samuel;10;3;<LH;qal;;>L H >LHJM ;phrase;;;PP;Cmpl;complement;NA;*;;;
453918;146286;688239;1_Samuel;10;3;<LH;qal;;BJT_>L ;phrase;;;PrNP;Loca;adjunct;NA;NA;;location;location
453944;146401;-1;1_Samuel;10;8;<LH;hif;H<LWT ;L H<LWT <LWT ;;;;;;;;;;;
453944;146401;688316;1_Samuel;10;8;<LH;hif;;L H<LWT ;phrase;;;VP;Pred;core;regular;NA;;;
453944;146401;688317;1_Samuel;10;8;<LH;hif;;<LWT ;phrase;;;NP;Objc;complement;NA;principal_direct_object;;;
453944;146401;453945;1_Samuel;10;8;<LH;hif;;L ZBX ZBXJ CLMJM ;clause;InfC;Coor;;;NA;NA;infinitive_object;;;
453994;146609;-1;1_Samuel;10;18;<LH;hif;H<LJTJ ;>NKJ H<LJTJ >T JFR>L M MYRJM ;;;;;;;;;;;
453994;146609;688455;1_Samuel;10;18;<LH;hif;;>NKJ ;phrase;;;PPrP;Subj;core;NA;subject;;;
453994;146609;688456;1_Samuel;10;18;<LH;hif;;H<LJTJ ;phrase;;;VP;Pred;core;regular;NA;;;
453994;146609;688457;1_Samuel;10;18;<LH;hif;;>T JFR>L ;phrase;;;PP;Objc;complement;NA;direct_object;;;
453994;146609;688458;1_Samuel;10;18;<LH;hif;;M MYRJM ;phrase;;;PP;Cmpl;complement;NA;*;;location;location
454037;146833;-1;1_Samuel;11;1;<LH;qal;J<L ;W J<L NXC H <MWNJ ;;;;;;;;;;;
454037;146833;688604;1_Samuel;11;1;<LH;qal;;W ;phrase;;;CP;Conj;NA;NA;NA;;NA;NA
454037;146833;688605;1_Samuel;11;1;<LH;qal;;J<L ;phrase;;;VP;Pred;core;regular;NA;;;
454037;146833;688606;1_Samuel;11;1;<LH;qal;;NXC H <MWNJ ;phrase;;;PrNP;Subj;core;NA;subject;;;
454147;147338;-1;1_Samuel;12;6;<LH;hif;H<LH ;W >CR H<LH >T >BTJKM M >RY MYRJM ;;;;;;;;;;;
454147;147338;688945;1_Samuel;12;6;<LH;hif;;W ;phrase;;;CP;Conj;NA;NA;NA;;NA;NA
454147;147338;688946;1_Samuel;12;6;<LH;hif;;>CR ;phrase;;;CP;Rela;NA;NA;NA;;NA;NA
454147;147338;688947;1_Samuel;12;6;<LH;hif;;H<LH ;phrase;;;VP;Pred;core;regular;NA;;;
454147;147338;688948;1_Samuel;12;6;<LH;hif;;>T >BTJKM ;phrase;;;PP;Objc;complement;NA;direct_object;;;
454147;147338;688949;1_Samuel;12;6;<LH;hif;;M >RY MYRJM ;phrase;;;PP;Cmpl;complement;NA;*;;location;location
454258;147901;-1;1_Samuel;13;5;<LH;qal;J<LW ;W J<LW ;;;;;;;;;;;
454258;147901;689289;1_Samuel;13;5;<LH;qal;;W ;phrase;;;CP;Conj;NA;NA;NA;;NA;NA
454258;147901;689290;1_Samuel;13;5;<LH;qal;;J<LW ;phrase;;;VP;Pred;core;regular;NA;;;
454274;147996;-1;1_Samuel;13;9;<LH;hif;J<L ;W J<L H <LH ;;;;;;;;;;;
454274;147996;689341;1_Samuel;13;9;<LH;hif;;W ;phrase;;;CP;Conj;NA;NA;NA;;NA;NA
454274;147996;689342;1_Samuel;13;9;<LH;hif;;J<L ;phrase;;;VP;Pred;core;regular;NA;;;
454274;147996;689343;1_Samuel;13;9;<LH;hif;;H <LH ;phrase;;;NP;Objc;complement;NA;direct_object;;;
454277;148004;-1;1_Samuel;13;10;<LH;hif;H<LWT ;L H<LWT H <LH ;;;;;;;;;;;
454277;148004;689347;1_Samuel;13;10;<LH;hif;;L H<LWT ;phrase;;;VP;Pred;core;regular;NA;;;
454277;148004;689348;1_Samuel;13;10;<LH;hif;;H <LH ;phrase;;;NP;Objc;complement;NA;direct_object;;;
454294;148062;-1;1_Samuel;13;12;<LH;hif;><LH ;W ><LH H <LH ;;;;;;;;;;;
454294;148062;689394;1_Samuel;13;12;<LH;hif;;W ;phrase;;;CP;Conj;NA;NA;NA;;NA;NA
454294;148062;689395;1_Samuel;13;12;<LH;hif;;><LH ;phrase;;;VP;Pred;core;regular;NA;;;
454294;148062;689396;1_Samuel;13;12;<LH;hif;;H <LH ;phrase;;;NP;Objc;complement;NA;direct_object;;;
454306;148118;-1;1_Samuel;13;15;<LH;qal;J<L ;W J<L MN H GLGL GB<T BNJMN ;;;;;;;;;;;
454306;148118;689436;1_Samuel;13;15;<LH;qal;;W ;phrase;;;CP;Conj;NA;NA;NA;;NA;NA
454306;148118;689437;1_Samuel;13;15;<LH;qal;;J<L ;phrase;;;VP;Pred;core;regular;NA;;;
454306;148118;689438;1_Samuel;13;15;<LH;qal;;MN H GLGL ;phrase;;;PP;Cmpl;complement;NA;*;;location;location
454306;148118;689439;1_Samuel;13;15;<LH;qal;;GB<T BNJMN ;phrase;;;PrNP;Cmpl;complement;NA;*;;;
454369;148504;-1;1_Samuel;14;9;<LH;qal;N<LH ;W L> N<LH >LJHM ;;;;;;;;;;;
454369;148504;689636;1_Samuel;14;9;<LH;qal;;W ;phrase;;;CP;Conj;NA;NA;NA;;NA;NA
454369;148504;689637;1_Samuel;14;9;<LH;qal;;L> ;phrase;;;NegP;Nega;NA;NA;NA;;NA;NA
454369;148504;689638;1_Samuel;14;9;<LH;qal;;N<LH ;phrase;;;VP;Pred;core;regular;NA;;;
454369;148504;689639;1_Samuel;14;9;<LH;qal;;>LJHM ;phrase;;;PP;Cmpl;complement;NA;indirect_object;;;
454371;148510;-1;1_Samuel;14;10;<LH;qal;<LW ;<LW <LJNW ;;;;;;;;;;;
454371;148510;689644;1_Samuel;14;10;<LH;qal;;<LW ;phrase;;;VP;Pred;core;regular;NA;;;
454371;148510;689645;1_Samuel;14;10;<LH;qal;;<LJNW ;phrase;;;PP;Cmpl;complement;NA;*;;;
454372;148513;-1;1_Samuel;14;10;<LH;qal;<LJNW ;W <LJNW ;;;;;;;;;;;
454372;148513;689646;1_Samuel;14;10;<LH;qal;;W ;phrase;;;CP;Conj;NA;NA;NA;;NA;NA
454372;148513;689647;1_Samuel;14;10;<LH;qal;;<LJNW ;phrase;;;VP;Pred;core;regular;NA;;;
454381;148555;-1;1_Samuel;14;12;<LH;qal;<LW ;<LW >LJNW ;;;;;;;;;;;
454381;148555;689676;1_Samuel;14;12;<LH;qal;;<LW ;phrase;;;VP;Pred;core;regular;NA;;;
454381;148555;689677;1_Samuel;14;12;<LH;qal;;>LJNW ;phrase;;;PP;Cmpl;complement;NA;indirect_object;;;
454384;148567;-1;1_Samuel;14;12;<LH;qal;<LH ;<LH >XRJ ;;;;;;;;;;;
454384;148567;689686;1_Samuel;14;12;<LH;qal;;<LH ;phrase;;;VP;Pred;core;regular;NA;;;
454384;148567;689687;1_Samuel;14;12;<LH;qal;;>XRJ ;phrase;;;PP;Cmpl;complement;NA;*;;location;location
454386;148576;-1;1_Samuel;14;13;<LH;qal;J<L ;W J<L JWNTN <L JDJW W <L RGLJW ;;;;;;;;;;;
454386;148576;689692;1_Samuel;14;13;<LH;qal;;W ;phrase;;;CP;Conj;NA;NA;NA;;NA;NA
454386;148576;689693;1_Samuel;14;13;<LH;qal;;J<L ;phrase;;;VP;Pred;core;regular;NA;;;
454386;148576;689694;1_Samuel;14;13;<LH;qal;;JWNTN ;phrase;;;PrNP;Subj;core;NA;subject;;;
454386;148576;689695;1_Samuel;14;13;<LH;qal;;<L JDJW W <L RGLJW ;phrase;;;PP;Cmpl;complement;NA;*;;;
454427;148777;-1;1_Samuel;14;21;<LH;qal;<LW ;>CR <LW <MM B  MXNH SBJB ;;;;;;;;;;;
454427;148777;689805;1_Samuel;14;21;<LH;qal;;>CR ;phrase;;;CP;Rela;NA;NA;NA;;NA;NA
454427;148777;689806;1_Samuel;14;21;<LH;qal;;<LW ;phrase;;;VP;Pred;core;regular;NA;;;
454427;148777;689807;1_Samuel;14;21;<LH;qal;;<MM ;phrase;;;PP;Adju;adjunct;NA;NA;;;
454427;148777;689808;1_Samuel;14;21;<LH;qal;;B  MXNH SBJB ;phrase;;;PP;Cmpl;complement;NA;*;;location;location
454560;149390;-1;1_Samuel;14;46;<LH;qal;J<L ;W J<L C>WL M >XRJ PLCTJM ;;;;;;;;;;;
454560;149390;690217;1_Samuel;14;46;<LH;qal;;W ;phrase;;;CP;Conj;NA;NA;NA;;NA;NA
454560;149390;690218;1_Samuel;14;46;<LH;qal;;J<L ;phrase;;;VP;Pred;core;regular;NA;;;
454560;149390;690219;1_Samuel;14;46;<LH;qal;;C>WL ;phrase;;;PrNP;Subj;core;NA;subject;;;
454560;149390;690220;1_Samuel;14;46;<LH;qal;;M >XRJ PLCTJM ;phrase;;;PP;Cmpl;complement;NA;*;;location;location
454589;149562;-1;1_Samuel;15;2;<LH;qal;<LTW ;B <LTW M MYRJM ;;;;;;;;;;;
454589;149562;690310;1_Samuel;15;2;<LH;qal;;B <LTW ;phrase;;;VP;PreS;core;regular;subject;;;
454589;149562;690311;1_Samuel;15;2;<LH;qal;;M MYRJM ;phrase;;;PP;Cmpl;complement;NA;*;;location;location
454608;149657;-1;1_Samuel;15;6;<LH;qal;<LWTM ;B <LWTM M MYRJM ;;;;;;;;;;;
454608;149657;690360;1_Samuel;15;6;<LH;qal;;B <LWTM ;phrase;;;VP;PreS;core;regular;subject;;;
454608;149657;690361;1_Samuel;15;6;<LH;qal;;M MYRJM ;phrase;;;PP;Cmpl;complement;NA;*;;location;location
454733;150227;-1;1_Samuel;15;34;<LH;qal;<LH ;W C>WL <LH >L BJTW GB<T C>WL ;;;;;;;;;;;
454733;150227;690730;1_Samuel;15;34;<LH;qal;;W ;phrase;;;CP;Conj;NA;NA;NA;;NA;NA
454733;150227;690731;1_Samuel;15;34;<LH;qal;;C>WL ;phrase;;;PrNP;Subj;core;NA;subject;;;
454733;150227;690732;1_Samuel;15;34;<LH;qal;;<LH ;phrase;;;VP;Pred;core;regular;NA;;;
454733;150227;690733;1_Samuel;15;34;<LH;qal;;>L BJTW GB<T C>WL ;phrase;;;PP;Cmpl;complement;NA;*;;location;location
454959;151236;-1;1_Samuel;17;23;<LH;qal;<WLH ;>JC H BNJM <WLH M M<RWT PLCTJM ;;;;;;;;;;;
454959;151236;691391;1_Samuel;17;23;<LH;qal;;>JC H BNJM ;phrase;;;NP;Subj;core;NA;subject;;;
454959;151236;691392;1_Samuel;17;23;<LH;qal;;<WLH ;phrase;;;VP;PreC;core;regular;NA;;;
454959;151236;691396;1_Samuel;17;23;<LH;qal;;M M<RWT PLCTJM ;phrase;;;PP;Cmpl;complement;NA;*;;;
454969;151281;-1;1_Samuel;17;25;<LH;qal;<LH ;H R>JTM H >JC H <LH H ZH ;;;;;;;;;;;
454969;151281;691416;1_Samuel;17;25;<LH;qal;;H ;phrase;;;InrP;Ques;NA;NA;NA;;NA;NA
454969;151281;691417;1_Samuel;17;25;<LH;qal;;R>JTM ;phrase;;;VP;Pred;core;regular;NA;;;
454969;151281;691418;1_Samuel;17;25;<LH;qal;;H >JC H <LH H ZH ;phrase;;;NP;Objc;complement;NA;direct_object;;;
454970;151289;-1;1_Samuel;17;25;<LH;qal;<LH ;KJ <LH ;;;;;;;;;;;
454970;151289;691419;1_Samuel;17;25;<LH;qal;;KJ ;phrase;;;CP;Conj;NA;NA;NA;;NA;NA
454970;151289;691422;1_Samuel;17;25;<LH;qal;;<LH ;phrase;;;VP;PreC;core;regular;NA;;;
454970;151289;454971;1_Samuel;17;25;<LH;qal;;L XRP >T JFR>L ;clause;InfC;Adju;;;NA;NA;;;;
455356;153162;-1;1_Samuel;19;15;<LH;hif;H<LW ;H<LW >TW B  MVH >LJ ;;;;;;;;;;;
455356;153162;692613;1_Samuel;19;15;<LH;hif;;H<LW ;phrase;;;VP;Pred;core;regular;NA;;;
455356;153162;692614;1_Samuel;19;15;<LH;hif;;>TW ;phrase;;;PP;Objc;complement;NA;principal_direct_object;;;
455356;153162;692615;1_Samuel;19;15;<LH;hif;;B  MVH ;phrase;;;PP;Adju;adjunct;NA;NA;;;
455356;153162;692616;1_Samuel;19;15;<LH;hif;;>LJ ;phrase;;;PP;Cmpl;complement;NA;indirect_object;;;
455356;153162;455357;1_Samuel;19;15;<LH;hif;;L HMTW ;clause;InfC;Adju;;;NA;NA;infinitive_object;;;
455909;155713;-1;1_Samuel;23;19;<LH;qal;J<LW ;W J<LW ZPJM >L C>WL H GB<TH ;;;;;;;;;;;
455909;155713;694309;1_Samuel;23;19;<LH;qal;;W ;phrase;;;CP;Conj;NA;NA;NA;;NA;NA
455909;155713;694310;1_Samuel;23;19;<LH;qal;;J<LW ;phrase;;;VP;Pred;core;regular;NA;;;
455909;155713;694311;1_Samuel;23;19;<LH;qal;;ZPJM ;phrase;;;NP;Subj;core;NA;subject;;;
455909;155713;694312;1_Samuel;23;19;<LH;qal;;>L C>WL ;phrase;;;PP;Cmpl;complement;NA;indirect_object;;;
455909;155713;694313;1_Samuel;23;19;<LH;qal;;H GB<TH ;phrase;;;AdvP;Cmpl;complement;NA;*;;location;location
455909;155713;455910;1_Samuel;23;19;<LH;qal;;L >MR ;clause;InfC;Adju;;;NA;NA;;;;
455964;155955;-1;1_Samuel;24;1;<LH;qal;J<L ;W J<L DWD M CM ;;;;;;;;;;;
455964;155955;694459;1_Samuel;24;1;<LH;qal;;W ;phrase;;;CP;Conj;NA;NA;NA;;NA;NA
455964;155955;694460;1_Samuel;24;1;<LH;qal;;J<L ;phrase;;;VP;Pred;core;regular;NA;;;
455964;155955;694461;1_Samuel;24;1;<LH;qal;;DWD ;phrase;;;PrNP;Subj;core;NA;subject;;;
455964;155955;694462;1_Samuel;24;1;<LH;qal;;M CM ;phrase;;;PP;Cmpl;complement;NA;*;;location;location
456079;156466;-1;1_Samuel;24;23;<LH;qal;<LW ;W DWD W >NCJW <LW <L H MYWDH ;;;;;;;;;;;
456079;156466;694813;1_Samuel;24;23;<LH;qal;;W ;phrase;;;CP;Conj;NA;NA;NA;;NA;NA
456079;156466;694814;1_Samuel;24;23;<LH;qal;;DWD W >NCJW ;phrase;;;PrNP;Subj;core;NA;subject;;;
456079;156466;694815;1_Samuel;24;23;<LH;qal;;<LW ;phrase;;;VP;Pred;core;regular;NA;;;
456079;156466;694816;1_Samuel;24;23;<LH;qal;;<L H MYWDH ;phrase;;;PP;Cmpl;complement;NA;*;;;
456101;156575;-1;1_Samuel;25;5;<LH;qal;<LW ;<LW KRMLH ;;;;;;;;;;;
456101;156575;694884;1_Samuel;25;5;<LH;qal;;<LW ;phrase;;;VP;Pred;core;regular;NA;;;
456101;156575;694885;1_Samuel;25;5;<LH;qal;;KRMLH ;phrase;;;AdvP;Cmpl;complement;NA;*;;location;location
456150;156770;-1;1_Samuel;25;13;<LH;qal;J<LW ;W J<LW >XRJ DWD K >RB< M>WT >JC ;;;;;;;;;;;
456150;156770;695019;1_Samuel;25;13;<LH;qal;;W ;phrase;;;CP;Conj;NA;NA;NA;;NA;NA
456150;156770;695020;1_Samuel;25;13;<LH;qal;;J<LW ;phrase;;;VP;Pred;core;regular;NA;;;
456150;156770;695021;1_Samuel;25;13;<LH;qal;;>XRJ DWD ;phrase;;;PP;Cmpl;complement;NA;*;;location;location
456150;156770;695022;1_Samuel;25;13;<LH;qal;;K >RB< M>WT >JC ;phrase;;;PP;Adju;adjunct;NA;NA;;;
456269;157311;-1;1_Samuel;25;35;<LH;qal;<LJ ;<LJ L CLWM L BJTK ;;;;;;;;;;;
456269;157311;695375;1_Samuel;25;35;<LH;qal;;<LJ ;phrase;;;VP;Pred;core;regular;NA;;;
456269;157311;695376;1_Samuel;25;35;<LH;qal;;L CLWM ;phrase;;;PP;Adju;adjunct;NA;NA;;;
456269;157311;695377;1_Samuel;25;35;<LH;qal;;L BJTK ;phrase;;;PP;Cmpl;complement;NA;L_object;*;;
456486;158356;-1;1_Samuel;27;8;<LH;qal;J<L ;W J<L DWD W >NCJW ;;;;;;;;;;;
456486;158356;696055;1_Samuel;27;8;<LH;qal;;W ;phrase;;;CP;Conj;NA;NA;NA;;NA;NA
456486;158356;696056;1_Samuel;27;8;<LH;qal;;J<L ;phrase;;;VP;Pred;core;regular;NA;;;
456486;158356;696057;1_Samuel;27;8;<LH;qal;;DWD W >NCJW ;phrase;;;PrNP;Subj;core;NA;subject;;;
456549;158683;-1;1_Samuel;28;8;<LH;hif;H<LJ ;W H<LJ LJ ;;;;;;;;;;;
456549;158683;696256;1_Samuel;28;8;<LH;hif;;W ;phrase;;;CP;Conj;NA;NA;NA;;NA;NA
456549;158683;696257;1_Samuel;28;8;<LH;hif;;H<LJ ;phrase;;;VP;Pred;core;regular;NA;;;
456549;158683;696258;1_Samuel;28;8;<LH;hif;;LJ ;phrase;;;PP;Cmpl;complement;NA;indirect_object;;;
456549;158683;456550;1_Samuel;28;8;<LH;hif;;>T >CR >MR >LJK ;clause;xYq0;Objc;;;complement;NA;direct_object;;;
456563;158745;-1;1_Samuel;28;11;<LH;hif;><LH ;>T MJ ><LH LK ;;;;;;;;;;;
456563;158745;696297;1_Samuel;28;11;<LH;hif;;>T MJ ;phrase;;;PP;Objc;complement;NA;direct_object;;;
456563;158745;696298;1_Samuel;28;11;<LH;hif;;><LH ;phrase;;;VP;Pred;core;regular;NA;;;
456563;158745;696299;1_Samuel;28;11;<LH;hif;;LK ;phrase;;;PP;Cmpl;complement;NA;indirect_object;;;
456565;158751;-1;1_Samuel;28;11;<LH;hif;H<LJ ;>T CMW>L H<LJ LJ ;;;;;;;;;;;
456565;158751;696302;1_Samuel;28;11;<LH;hif;;>T CMW>L ;phrase;;;PP;Objc;complement;NA;direct_object;;;
456565;158751;696303;1_Samuel;28;11;<LH;hif;;H<LJ ;phrase;;;VP;Pred;core;regular;NA;;;
456565;158751;696304;1_Samuel;28;11;<LH;hif;;LJ ;phrase;;;PP;Cmpl;complement;NA;indirect_object;;;
456577;158795;-1;1_Samuel;28;13;<LH;qal;<LJM ;<LJM MN H >RY ;;;;;;;;;;;
456577;158795;696337;1_Samuel;28;13;<LH;qal;;<LJM ;phrase;;;VP;PreC;core;regular;NA;;;
456577;158795;696338;1_Samuel;28;13;<LH;qal;;MN H >RY ;phrase;;;PP;Cmpl;complement;NA;*;;location;location
456581;158808;-1;1_Samuel;28;14;<LH;qal;<LH ;>JC ZQN <LH ;;;;;;;;;;;
456581;158808;696346;1_Samuel;28;14;<LH;qal;;>JC ZQN ;phrase;;;NP;Subj;core;NA;subject;;;
456581;158808;696347;1_Samuel;28;14;<LH;qal;;<LH ;phrase;;;NP;PreC;core;regular;NA;;;
456590;158833;-1;1_Samuel;28;15;<LH;hif;H<LWT ;L H<LWT >TJ ;;;;;;;;;;;
456590;158833;696370;1_Samuel;28;15;<LH;hif;;L H<LWT ;phrase;;;VP;Pred;core;regular;NA;;;
456590;158833;696371;1_Samuel;28;15;<LH;hif;;>TJ ;phrase;;;PP;Objc;complement;NA;direct_object;;;
456700;159382;-1;1_Samuel;29;9;<LH;qal;J<LH ;L> J<LH <MNW B  MLXMH ;;;;;;;;;;;
456700;159382;696737;1_Samuel;29;9;<LH;qal;;L> ;phrase;;;NegP;Nega;NA;NA;NA;;NA;NA
456700;159382;696738;1_Samuel;29;9;<LH;qal;;J<LH ;phrase;;;VP;Pred;core;regular;NA;;;
456700;159382;696739;1_Samuel;29;9;<LH;qal;;<MNW ;phrase;;;PP;Adju;adjunct;NA;NA;;;
456700;159382;696740;1_Samuel;29;9;<LH;qal;;B  MLXMH ;phrase;;;PP;Cmpl;complement;NA;*;;location;location
456711;159427;-1;1_Samuel;29;11;<LH;qal;<LW ;W PLCTJM <LW JZR<>L ;;;;;;;;;;;
456711;159427;696765;1_Samuel;29;11;<LH;qal;;W ;phrase;;;CP;Conj;NA;NA;NA;;NA;NA
456711;159427;696766;1_Samuel;29;11;<LH;qal;;PLCTJM ;phrase;;;NP;Subj;core;NA;subject;;;
456711;159427;696767;1_Samuel;29;11;<LH;qal;;<LW ;phrase;;;VP;Pred;core;regular;NA;;;
456711;159427;696768;1_Samuel;29;11;<LH;qal;;JZR<>L ;phrase;;;PrNP;Cmpl;complement;NA;*;;location;location
457020;160914;-1;2_Samuel;1;24;<LH;hif;M<LH ;H M<LH <DJ ZHB <L LBWCKN ;;;;;;;;;;;
457020;160914;697678;2_Samuel;1;24;<LH;hif;;H ;phrase;;;CP;Rela;NA;NA;NA;;NA;NA
457020;160914;697679;2_Samuel;1;24;<LH;hif;;M<LH ;phrase;;;VP;PreC;core;regular;NA;;;
457020;160914;697680;2_Samuel;1;24;<LH;hif;;<DJ ZHB ;phrase;;;NP;Objc;complement;NA;direct_object;;;
457020;160914;697681;2_Samuel;1;24;<LH;hif;;<L LBWCKN ;phrase;;;PP;Cmpl;complement;NA;*;;;
457032;160963;-1;2_Samuel;2;1;<LH;qal;><LH ;H ><LH B >XT <RJ JHWDH ;;;;;;;;;;;
457032;160963;697714;2_Samuel;2;1;<LH;qal;;H ;phrase;;;InrP;Ques;NA;NA;NA;;NA;NA
457032;160963;697715;2_Samuel;2;1;<LH;qal;;><LH ;phrase;;;VP;Pred;core;regular;NA;;;
457032;160963;697716;2_Samuel;2;1;<LH;qal;;B >XT <RJ JHWDH ;phrase;;;PP;Cmpl;complement;NA;*;;location;location
457034;160972;-1;2_Samuel;2;1;<LH;qal;<LH ;<LH ;;;;;;;;;;;
457034;160972;697721;2_Samuel;2;1;<LH;qal;;<LH ;phrase;;;VP;Pred;core;regular;NA;;;
457036;160977;-1;2_Samuel;2;1;<LH;qal;><LH ;>NH ><LH ;;;;;;;;;;;
457036;160977;697725;2_Samuel;2;1;<LH;qal;;>NH ;phrase;;;InrP;Ques;NA;NA;NA;;NA;NA
457036;160977;697726;2_Samuel;2;1;<LH;qal;;><LH ;phrase;;;VP;Pred;core;regular;NA;;;
457039;160982;-1;2_Samuel;2;2;<LH;qal;J<L ;W J<L CM DWD W GM CTJ NCJW >XJN<M H JZR<LJT W >BJGJL >CT NBL H KRMLJ ;;;;;;;;;;;
457039;160982;697730;2_Samuel;2;2;<LH;qal;;W ;phrase;;;CP;Conj;NA;NA;NA;;NA;NA
457039;160982;697731;2_Samuel;2;2;<LH;qal;;J<L ;phrase;;;VP;Pred;core;regular;NA;;;
457039;160982;697732;2_Samuel;2;2;<LH;qal;;CM ;phrase;;;AdvP;Cmpl;complement;NA;*;;location;location
457039;160982;697733;2_Samuel;2;2;<LH;qal;;DWD W GM CTJ NCJW >XJN<M H JZR<LJT W >BJGJL >CT NBL H KRMLJ ;phrase;;;PrNP;Subj;core;NA;subject;;;
457040;161002;-1;2_Samuel;2;3;<LH;hif;H<LH ;W >NCJW H<LH DWD ;;;;;;;;;;;
457040;161002;697734;2_Samuel;2;3;<LH;hif;;W ;phrase;;;CP;Conj;NA;NA;NA;;NA;NA
457040;161002;697735;2_Samuel;2;3;<LH;hif;;>NCJW ;phrase;;;NP;Objc;complement;NA;direct_object;;;
457040;161002;697738;2_Samuel;2;3;<LH;hif;;H<LH ;phrase;;;VP;Pred;core;regular;NA;;;
457040;161002;697739;2_Samuel;2;3;<LH;hif;;DWD ;phrase;;;PrNP;Subj;core;NA;subject;;;
457146;161558;-1;2_Samuel;2;27;<LH;nif;N<LH ;KJ >Z M H BQR N<LH H <M ;;;;;;;;;;;
457146;161558;698060;2_Samuel;2;27;<LH;nif;;KJ ;phrase;;;CP;Conj;NA;NA;NA;;NA;NA
457146;161558;698061;2_Samuel;2;27;<LH;nif;;>Z ;phrase;;;AdvP;Time;adjunct;NA;NA;;time;time
457146;161558;698062;2_Samuel;2;27;<LH;nif;;M H BQR ;phrase;;;PP;Time;adjunct;NA;NA;;time;time
457146;161558;698063;2_Samuel;2;27;<LH;nif;;N<LH ;phrase;;;VP;Pred;core;regular;NA;;;
457146;161558;698064;2_Samuel;2;27;<LH;nif;;H <M ;phrase;;;NP;Subj;core;NA;subject;;;
457459;163248;-1;2_Samuel;5;17;<LH;qal;J<LW ;W J<LW KL PLCTJM ;;;;;;;;;;;
457459;163248;699045;2_Samuel;5;17;<LH;qal;;W ;phrase;;;CP;Conj;NA;NA;NA;;NA;NA
457459;163248;699046;2_Samuel;5;17;<LH;qal;;J<LW ;phrase;;;VP;Pred;core;regular;NA;;;
457459;163248;699047;2_Samuel;5;17;<LH;qal;;KL PLCTJM ;phrase;;;NP;Subj;core;NA;subject;;;
457459;163248;457460;2_Samuel;5;17;<LH;qal;;L BQC >T DWD ;clause;InfC;Adju;;;NA;NA;;;;
457467;163279;-1;2_Samuel;5;19;<LH;qal;><LH ;H ><LH >L PLCTJM ;;;;;;;;;;;
457467;163279;699067;2_Samuel;5;19;<LH;qal;;H ;phrase;;;InrP;Ques;NA;NA;NA;;NA;NA
457467;163279;699068;2_Samuel;5;19;<LH;qal;;><LH ;phrase;;;VP;Pred;core;regular;NA;;;
457467;163279;699069;2_Samuel;5;19;<LH;qal;;>L PLCTJM ;phrase;;;PP;Cmpl;complement;NA;indirect_object;;;
457470;163291;-1;2_Samuel;5;19;<LH;qal;<LH ;<LH ;;;;;;;;;;;
457470;163291;699077;2_Samuel;5;19;<LH;qal;;<LH ;phrase;;;VP;Pred;core;regular;NA;;;
457480;163344;-1;2_Samuel;5;22;<LH;qal;<LWT ;L <LWT ;;;;;;;;;;;
457480;163344;699113;2_Samuel;5;22;<LH;qal;;L <LWT ;phrase;;;VP;Pred;core;regular;NA;;;
457484;163358;-1;2_Samuel;5;23;<LH;qal;T<LH ;L> T<LH ;;;;;;;;;;;
457484;163358;699123;2_Samuel;5;23;<LH;qal;;L> ;phrase;;;NegP;Nega;NA;NA;NA;;NA;NA
457484;163358;699124;2_Samuel;5;23;<LH;qal;;T<LH ;phrase;;;VP;Pred;core;regular;NA;;;
457500;163434;-1;2_Samuel;6;2;<LH;hif;H<LWT ;L H<LWT M CM >T >RWN H >LHJM ;;;;;;;;;;;
457500;163434;699170;2_Samuel;6;2;<LH;hif;;L H<LWT ;phrase;;;VP;Pred;core;regular;NA;;;
457500;163434;699171;2_Samuel;6;2;<LH;hif;;M CM ;phrase;;;PP;Cmpl;complement;NA;*;;location;location
457500;163434;699172;2_Samuel;6;2;<LH;hif;;>T >RWN H >LHJM ;phrase;;;PP;Objc;complement;NA;direct_object;;;
457534;163676;-1;2_Samuel;6;12;<LH;hif;J<L ;W J<L >T >RWN H >LHJM M BJT <BD_>DM <JR DWD B FMXH ;;;;;;;;;;;
457534;163676;699292;2_Samuel;6;12;<LH;hif;;W ;phrase;;;CP;Conj;NA;NA;NA;;NA;NA
457534;163676;699293;2_Samuel;6;12;<LH;hif;;J<L ;phrase;;;VP;Pred;core;regular;NA;;;
457534;163676;699294;2_Samuel;6;12;<LH;hif;;>T >RWN H >LHJM ;phrase;;;PP;Objc;complement;NA;direct_object;;;
457534;163676;699295;2_Samuel;6;12;<LH;hif;;M BJT <BD_>DM ;phrase;;;PP;Cmpl;complement;NA;*;;location;location
457534;163676;699296;2_Samuel;6;12;<LH;hif;;<JR DWD ;phrase;;;NP;Cmpl;complement;NA;*;;location;location
457534;163676;699297;2_Samuel;6;12;<LH;hif;;B FMXH ;phrase;;;PP;Adju;adjunct;NA;NA;;;
457540;163722;-1;2_Samuel;6;15;<LH;hif;M<LJM ;W DWD W KL BJT JFR>L M<LJM >T >RWN JHWH B TRW<H W B QWL CWPR ;;;;;;;;;;;
457540;163722;699316;2_Samuel;6;15;<LH;hif;;W ;phrase;;;CP;Conj;NA;NA;NA;;NA;NA
457540;163722;699317;2_Samuel;6;15;<LH;hif;;DWD W KL BJT JFR>L ;phrase;;;PrNP;Subj;core;NA;subject;;;
457540;163722;699318;2_Samuel;6;15;<LH;hif;;M<LJM ;phrase;;;VP;PreC;core;regular;NA;;;
457540;163722;699319;2_Samuel;6;15;<LH;hif;;>T >RWN JHWH ;phrase;;;PP;Objc;complement;NA;direct_object;;;
457540;163722;699320;2_Samuel;6;15;<LH;hif;;B TRW<H W B QWL CWPR ;phrase;;;PP;Adju;adjunct;NA;NA;;;
457551;163783;-1;2_Samuel;6;17;<LH;hif;J<L ;W J<L DWD <LWT L PNJ JHWH W CLMJM ;;;;;;;;;;;
457551;163783;699352;2_Samuel;6;17;<LH;hif;;W ;phrase;;;CP;Conj;NA;NA;NA;;NA;NA
457551;163783;699353;2_Samuel;6;17;<LH;hif;;J<L ;phrase;;;VP;Pred;core;regular;NA;;;
457551;163783;699354;2_Samuel;6;17;<LH;hif;;DWD ;phrase;;;PrNP;Subj;core;NA;subject;;;
457551;163783;699355;2_Samuel;6;17;<LH;hif;;<LWT W CLMJM ;phrase;;;NP;Objc;complement;NA;direct_object;;;
457551;163783;699356;2_Samuel;6;17;<LH;hif;;L PNJ JHWH ;phrase;;;PP;Cmpl;complement;NA;*;;location;location
457553;163795;-1;2_Samuel;6;18;<LH;hif;H<LWT ;M H<LWT H <WLH W H CLMJM ;;;;;;;;;;;
457553;163795;699360;2_Samuel;6;18;<LH;hif;;M H<LWT ;phrase;;;VP;Pred;core;regular;NA;;;
457553;163795;699361;2_Samuel;6;18;<LH;hif;;H <WLH W H CLMJM ;phrase;;;NP;Objc;complement;NA;direct_object;;;
457598;164039;-1;2_Samuel;7;6;<LH;hif;H<LTJ ;H<LTJ >T BNJ JFR>L M MYRJM ;;;;;;;;;;;
457598;164039;699497;2_Samuel;7;6;<LH;hif;;H<LTJ ;phrase;;;VP;PreS;core;regular;subject;;;
457598;164039;699498;2_Samuel;7;6;<LH;hif;;>T BNJ JFR>L ;phrase;;;PP;Objc;complement;NA;direct_object;;;
457598;164039;699499;2_Samuel;7;6;<LH;hif;;M MYRJM ;phrase;;;PP;Cmpl;complement;NA;*;;location;location
458006;166150;-1;2_Samuel;11;20;<LH;qal;T<LH ;>M T<LH XMT H MLK ;;;;;;;;;;;
458006;166150;700775;2_Samuel;11;20;<LH;qal;;>M ;phrase;;;CP;Conj;NA;NA;NA;;NA;NA
458006;166150;700776;2_Samuel;11;20;<LH;qal;;T<LH ;phrase;;;VP;Pred;core;regular;NA;;;
458006;166150;700777;2_Samuel;11;20;<LH;qal;;XMT H MLK ;phrase;;;NP;Subj;core;NA;subject;;;
458740;169444;-1;2_Samuel;15;24;<LH;qal;J<L ;W J<L >BJTR ;;;;;;;;;;;
458740;169444;702966;2_Samuel;15;24;<LH;qal;;W ;phrase;;;CP;Conj;NA;NA;NA;;NA;NA
458740;169444;702967;2_Samuel;15;24;<LH;qal;;J<L ;phrase;;;VP;Pred;core;regular;NA;;;
458740;169444;702968;2_Samuel;15;24;<LH;qal;;>BJTR ;phrase;;;PrNP;Subj;core;NA;subject;;;
458740;169444;458741;2_Samuel;15;24;<LH;qal;;<D TM KL H <M ;clause;InfC;Adju;;;NA;NA;;;;
458763;169554;-1;2_Samuel;15;30;<LH;qal;<LH ;W DWD <LH B M<LH H ZJTJM <LH W BWKH ;;;;;;;;;;;
458763;169554;703030;2_Samuel;15;30;<LH;qal;;W ;phrase;;;CP;Conj;NA;NA;NA;;NA;NA
458763;169554;703031;2_Samuel;15;30;<LH;qal;;DWD ;phrase;;;PrNP;Subj;core;NA;subject;;;
458763;169554;703032;2_Samuel;15;30;<LH;qal;;<LH ;phrase;;;VP;PreC;core;regular;NA;;;
458763;169554;703033;2_Samuel;15;30;<LH;qal;;B M<LH H ZJTJM ;phrase;;;PP;Cmpl;complement;NA;*;;location;location
458763;169554;703034;2_Samuel;15;30;<LH;qal;;<LH W BWKH ;phrase;;;AdjP;PrAd;adjunct;NA;NA;;;
458768;169580;-1;2_Samuel;15;30;<LH;qal;<LW ;W <LW <LH W BKH ;;;;;;;;;;;
458768;169580;703050;2_Samuel;15;30;<LH;qal;;W ;phrase;;;CP;Conj;NA;NA;NA;;NA;NA
458768;169580;703051;2_Samuel;15;30;<LH;qal;;<LW ;phrase;;;VP;Pred;core;regular;NA;;;
458768;169580;703052;2_Samuel;15;30;<LH;qal;;<LH W BKH ;phrase;;;AdvP;Modi;NA;NA;NA;;NA;NA
459027;170819;-1;2_Samuel;17;21;<LH;qal;J<LW ;W J<LW M H B>R ;;;;;;;;;;;
459027;170819;703816;2_Samuel;17;21;<LH;qal;;W ;phrase;;;CP;Conj;NA;NA;NA;;NA;NA
459027;170819;703817;2_Samuel;17;21;<LH;qal;;J<LW ;phrase;;;VP;Pred;core;regular;NA;;;
459027;170819;703818;2_Samuel;17;21;<LH;qal;;M H B>R ;phrase;;;PP;Cmpl;complement;NA;*;;;
459239;171916;-1;2_Samuel;19;1;<LH;qal;J<L ;W J<L <L <LJT H C<R ;;;;;;;;;;;
459239;171916;704473;2_Samuel;19;1;<LH;qal;;W ;phrase;;;CP;Conj;NA;NA;NA;;NA;NA
459239;171916;704474;2_Samuel;19;1;<LH;qal;;J<L ;phrase;;;VP;Pred;core;regular;NA;;;
459239;171916;704475;2_Samuel;19;1;<LH;qal;;<L <LJT H C<R ;phrase;;;PP;Cmpl;complement;NA;*;;location;location
459418;172799;-1;2_Samuel;19;35;<LH;qal;><LH ;KJ ><LH >T H MLK JRWCLM ;;;;;;;;;;;
459418;172799;705010;2_Samuel;19;35;<LH;qal;;KJ ;phrase;;;CP;Conj;NA;NA;NA;;NA;NA
459418;172799;705011;2_Samuel;19;35;<LH;qal;;><LH ;phrase;;;VP;Pred;core;regular;NA;;;
459418;172799;705012;2_Samuel;19;35;<LH;qal;;>T H MLK ;phrase;;;PP;Adju;adjunct;NA;NA;;;
459418;172799;705013;2_Samuel;19;35;<LH;qal;;JRWCLM ;phrase;;;PrNP;Cmpl;complement;NA;*;;location;location
459473;173110;-1;2_Samuel;20;2;<LH;qal;J<L ;W J<L KL >JC JFR>L M >XRJ DWD >XRJ CB< BN BKRJ ;;;;;;;;;;;
459473;173110;705203;2_Samuel;20;2;<LH;qal;;W ;phrase;;;CP;Conj;NA;NA;NA;;NA;NA
459473;173110;705204;2_Samuel;20;2;<LH;qal;;J<L ;phrase;;;VP;Pred;core;regular;NA;;;
459473;173110;705205;2_Samuel;20;2;<LH;qal;;KL >JC JFR>L ;phrase;;;NP;Subj;core;NA;subject;;;
459473;173110;705206;2_Samuel;20;2;<LH;qal;;M >XRJ DWD ;phrase;;;PP;Cmpl;complement;NA;*;;location;location
459473;173110;705207;2_Samuel;20;2;<LH;qal;;>XRJ CB< BN BKRJ ;phrase;;;PP;Cmpl;complement;NA;*;;location;location
459658;174039;-1;2_Samuel;21;13;<LH;hif;J<L ;W J<L M CM >T <YMWT C>WL W >T <YMWT JHWNTN BNW ;;;;;;;;;;;
459658;174039;705754;2_Samuel;21;13;<LH;hif;;W ;phrase;;;CP;Conj;NA;NA;NA;;NA;NA
459658;174039;705755;2_Samuel;21;13;<LH;hif;;J<L ;phrase;;;VP;Pred;core;regular;NA;;;
459658;174039;705756;2_Samuel;21;13;<LH;hif;;M CM ;phrase;;;PP;Cmpl;complement;NA;*;;location;location
459658;174039;705757;2_Samuel;21;13;<LH;hif;;>T <YMWT C>WL W >T <YMWT JHWNTN BNW ;phrase;;;PP;Objc;complement;NA;direct_object;;;
459721;174383;-1;2_Samuel;22;9;<LH;qal;<LH ;<LH <CN B >PW ;;;;;;;;;;;
459721;174383;705945;2_Samuel;22;9;<LH;qal;;<LH ;phrase;;;VP;Pred;core;regular;NA;;;
459721;174383;705946;2_Samuel;22;9;<LH;qal;;<CN ;phrase;;;NP;Subj;core;NA;subject;;;
459721;174383;705947;2_Samuel;22;9;<LH;qal;;B >PW ;phrase;;;PP;Cmpl;complement;NA;*;;location;location
459871;174961;-1;2_Samuel;23;9;<LH;qal;J<LW ;W J<LW >JC JFR>L ;;;;;;;;;;;
459871;174961;706333;2_Samuel;23;9;<LH;qal;;W ;phrase;;;CP;Conj;NA;NA;NA;;NA;NA
459871;174961;706334;2_Samuel;23;9;<LH;qal;;J<LW ;phrase;;;VP;Pred;core;regular;NA;;;
459871;174961;706335;2_Samuel;23;9;<LH;qal;;>JC JFR>L ;phrase;;;NP;Subj;core;NA;subject;;;
460057;175882;-1;2_Samuel;24;18;<LH;qal;<LH ;<LH ;;;;;;;;;;;
460057;175882;706840;2_Samuel;24;18;<LH;qal;;<LH ;phrase;;;VP;Pred;core;regular;NA;;;
460059;175893;-1;2_Samuel;24;19;<LH;qal;J<L ;W J<L DWD K DBR GD ;;;;;;;;;;;
460059;175893;706845;2_Samuel;24;19;<LH;qal;;W ;phrase;;;CP;Conj;NA;NA;NA;;NA;NA
460059;175893;706846;2_Samuel;24;19;<LH;qal;;J<L ;phrase;;;VP;Pred;core;regular;NA;;;
460059;175893;706847;2_Samuel;24;19;<LH;qal;;DWD ;phrase;;;PrNP;Subj;core;NA;subject;;;
460059;175893;706848;2_Samuel;24;19;<LH;qal;;K DBR GD ;phrase;;;PP;Adju;adjunct;NA;NA;;;
460075;175965;-1;2_Samuel;24;22;<LH;hif;J<L ;W J<L >DNJ H MLK ;;;;;;;;;;;
460075;175965;706893;2_Samuel;24;22;<LH;hif;;W ;phrase;;;CP;Conj;NA;NA;NA;;NA;NA
460075;175965;706894;2_Samuel;24;22;<LH;hif;;J<L ;phrase;;;VP;Pred;core;regular;NA;;;
460075;175965;706895;2_Samuel;24;22;<LH;hif;;>DNJ H MLK ;phrase;;;NP;Subj;core;NA;subject;;;
460075;175965;460076;2_Samuel;24;22;<LH;hif;;H VWB B <JNW ;clause;AjCl;Objc;;;complement;NA;direct_object;;;
460086;176023;-1;2_Samuel;24;24;<LH;hif;><LH ;W L> ><LH L JHWH >LHJ <LWT XNM ;;;;;;;;;;;
460086;176023;706926;2_Samuel;24;24;<LH;hif;;W ;phrase;;;CP;Conj;NA;NA;NA;;NA;NA
460086;176023;706927;2_Samuel;24;24;<LH;hif;;L> ;phrase;;;NegP;Nega;NA;NA;NA;;NA;NA
460086;176023;706928;2_Samuel;24;24;<LH;hif;;><LH ;phrase;;;VP;Pred;core;regular;NA;;;
460086;176023;706929;2_Samuel;24;24;<LH;hif;;L JHWH >LHJ ;phrase;;;PP;Cmpl;complement;NA;L_object;*;;
460086;176023;706930;2_Samuel;24;24;<LH;hif;;<LWT ;phrase;;;NP;Objc;complement;NA;principal_direct_object;;;
460086;176023;706931;2_Samuel;24;24;<LH;hif;;XNM ;phrase;;;AdvP;Modi;NA;NA;NA;;NA;NA
460089;176051;-1;2_Samuel;24;25;<LH;hif;J<L ;W J<L <LWT W CLMJM ;;;;;;;;;;;
460089;176051;706943;2_Samuel;24;25;<LH;hif;;W ;phrase;;;CP;Conj;NA;NA;NA;;NA;NA
460089;176051;706944;2_Samuel;24;25;<LH;hif;;J<L ;phrase;;;VP;Pred;core;regular;NA;;;
460089;176051;706945;2_Samuel;24;25;<LH;hif;;<LWT W CLMJM ;phrase;;;NP;Objc;complement;NA;direct_object;;;
460230;176818;-1;1_Kings;1;35;<LH;qal;<LJTM ;W <LJTM >XRJW ;;;;;;;;;;;
460230;176818;707377;1_Kings;1;35;<LH;qal;;W ;phrase;;;CP;Conj;NA;NA;NA;;NA;NA
460230;176818;707378;1_Kings;1;35;<LH;qal;;<LJTM ;phrase;;;VP;Pred;core;regular;NA;;;
460230;176818;707379;1_Kings;1;35;<LH;qal;;>XRJW ;phrase;;;PP;Cmpl;complement;NA;*;;location;location
460251;176945;-1;1_Kings;1;40;<LH;qal;J<LW ;W J<LW KL H <M >XRJW ;;;;;;;;;;;
460251;176945;707442;1_Kings;1;40;<LH;qal;;W ;phrase;;;CP;Conj;NA;NA;NA;;NA;NA
460251;176945;707443;1_Kings;1;40;<LH;qal;;J<LW ;phrase;;;VP;Pred;core;regular;NA;;;
460251;176945;707444;1_Kings;1;40;<LH;qal;;KL H <M ;phrase;;;NP;Subj;core;NA;subject;;;
460251;176945;707445;1_Kings;1;40;<LH;qal;;>XRJW ;phrase;;;PP;Cmpl;complement;NA;*;;location;location
460275;177076;-1;1_Kings;1;45;<LH;qal;J<LW ;W J<LW M CM FMXJM ;;;;;;;;;;;
460275;177076;707516;1_Kings;1;45;<LH;qal;;W ;phrase;;;CP;Conj;NA;NA;NA;;NA;NA
460275;177076;707517;1_Kings;1;45;<LH;qal;;J<LW ;phrase;;;VP;Pred;core;regular;NA;;;
460275;177076;707518;1_Kings;1;45;<LH;qal;;M CM ;phrase;;;PP;Cmpl;complement;NA;*;;location;location
460275;177076;707519;1_Kings;1;45;<LH;qal;;FMXJM ;phrase;;;AdjP;PrAd;adjunct;NA;NA;;;
460493;178096;-1;1_Kings;2;34;<LH;qal;J<L ;W J<L BNJHW BN JHWJD< ;;;;;;;;;;;
460493;178096;708163;1_Kings;2;34;<LH;qal;;W ;phrase;;;CP;Conj;NA;NA;NA;;NA;NA
460493;178096;708164;1_Kings;2;34;<LH;qal;;J<L ;phrase;;;VP;Pred;core;regular;NA;;;
460493;178096;708165;1_Kings;2;34;<LH;qal;;BNJHW BN JHWJD< ;phrase;;;PrNP;Subj;core;NA;subject;;;
460571;178475;-1;1_Kings;3;4;<LH;hif;J<LH ;>LP <LWT J<LH CLMH <L H MZBX H HW> ;;;;;;;;;;;
460571;178475;708404;1_Kings;3;4;<LH;hif;;>LP <LWT ;phrase;;;NP;Objc;complement;NA;direct_object;;;
460571;178475;708405;1_Kings;3;4;<LH;hif;;J<LH ;phrase;;;VP;Pred;core;regular;NA;;;
460571;178475;708406;1_Kings;3;4;<LH;hif;;CLMH ;phrase;;;PrNP;Subj;core;NA;subject;;;
460571;178475;708407;1_Kings;3;4;<LH;hif;;<L H MZBX H HW> ;phrase;;;PP;Cmpl;complement;NA;*;;location;location
460624;178740;-1;1_Kings;3;15;<LH;hif;J<L ;W J<L <LWT ;;;;;;;;;;;
460624;178740;708573;1_Kings;3;15;<LH;hif;;W ;phrase;;;CP;Conj;NA;NA;NA;;NA;NA
460624;178740;708574;1_Kings;3;15;<LH;hif;;J<L ;phrase;;;VP;Pred;core;regular;NA;;;
460624;178740;708575;1_Kings;3;15;<LH;hif;;<LWT ;phrase;;;NP;Objc;complement;NA;direct_object;;;
460839;179933;-1;1_Kings;5;27;<LH;hif;J<L ;W J<L H MLK CLMH MS M KL JFR>L ;;;;;;;;;;;
460839;179933;709188;1_Kings;5;27;<LH;hif;;W ;phrase;;;CP;Conj;NA;NA;NA;;NA;NA
460839;179933;709189;1_Kings;5;27;<LH;hif;;J<L ;phrase;;;VP;Pred;core;regular;NA;;;
460839;179933;709190;1_Kings;5;27;<LH;hif;;H MLK CLMH ;phrase;;;NP;Subj;core;NA;subject;;;
460839;179933;709191;1_Kings;5;27;<LH;hif;;MS ;phrase;;;NP;Objc;complement;NA;direct_object;;;
460839;179933;709192;1_Kings;5;27;<LH;hif;;M KL JFR>L ;phrase;;;PP;Cmpl;complement;NA;*;;location;location
460891;180245;-1;1_Kings;6;8;<LH;qal;J<LW ;W B LWLJM J<LW <L H TJKNH ;;;;;;;;;;;
460891;180245;709329;1_Kings;6;8;<LH;qal;;W ;phrase;;;CP;Conj;NA;NA;NA;;NA;NA
460891;180245;709330;1_Kings;6;8;<LH;qal;;B LWLJM ;phrase;;;PP;Adju;adjunct;NA;NA;;;
460891;180245;709331;1_Kings;6;8;<LH;qal;;J<LW ;phrase;;;VP;Pred;core;regular;NA;;;
460891;180245;709332;1_Kings;6;8;<LH;qal;;<L H TJKNH ;phrase;;;PP;Cmpl;complement;NA;*;;;
461146;182075;-1;1_Kings;8;1;<LH;hif;H<LWT ;L H<LWT >T >RWN BRJT JHWH M <JR DWD ;;;;;;;;;;;
461146;182075;710103;1_Kings;8;1;<LH;hif;;L H<LWT ;phrase;;;VP;Pred;core;regular;NA;;;
461146;182075;710104;1_Kings;8;1;<LH;hif;;>T >RWN BRJT JHWH ;phrase;;;PP;Objc;complement;NA;direct_object;;;
461146;182075;710105;1_Kings;8;1;<LH;hif;;M <JR DWD ;phrase;;;PP;Cmpl;complement;NA;*;;location;location
461152;182119;-1;1_Kings;8;4;<LH;hif;J<LW ;W J<LW >T >RWN JHWH W >T >HL MW<D W >T KL KLJ H QDC ;;;;;;;;;;;
461152;182119;710122;1_Kings;8;4;<LH;hif;;W ;phrase;;;CP;Conj;NA;NA;NA;;NA;NA
461152;182119;710123;1_Kings;8;4;<LH;hif;;J<LW ;phrase;;;VP;Pred;core;regular;NA;;;
461152;182119;710124;1_Kings;8;4;<LH;hif;;>T >RWN JHWH W >T >HL MW<D W >T KL KLJ H QDC ;phrase;;;PP;Objc;complement;NA;direct_object;;;
461154;182138;-1;1_Kings;8;4;<LH;hif;J<LW ;W J<LW >TM H KHNJM W H LWJM ;;;;;;;;;;;
461154;182138;710127;1_Kings;8;4;<LH;hif;;W ;phrase;;;CP;Conj;NA;NA;NA;;NA;NA
461154;182138;710128;1_Kings;8;4;<LH;hif;;J<LW ;phrase;;;VP;Pred;core;regular;NA;;;
461154;182138;710129;1_Kings;8;4;<LH;hif;;>TM ;phrase;;;PP;Objc;complement;NA;direct_object;;;
461154;182138;710130;1_Kings;8;4;<LH;hif;;H KHNJM W H LWJM ;phrase;;;NP;Subj;core;NA;subject;;;
461495;184020;-1;1_Kings;9;15;<LH;hif;H<LH ;>CR H<LH H MLK CLMH ;;;;;;;;;;;
461495;184020;711150;1_Kings;9;15;<LH;hif;;>CR ;phrase;;;CP;Rela;NA;NA;NA;;NA;NA
461495;184020;711151;1_Kings;9;15;<LH;hif;;H<LH ;phrase;;;VP;Pred;core;regular;NA;;;
461495;184020;711152;1_Kings;9;15;<LH;hif;;H MLK CLMH ;phrase;;;NP;Subj;core;NA;subject;;;
461495;184020;461496;1_Kings;9;15;<LH;hif;;L BNWT >T BJT JHWH W >T BJTW W >T H MLW> W >T XWMT JRWCLM W >T XYR W >T MGDW W >T GZR ;clause;InfC;Adju;;;NA;NA;;;;
461497;184052;-1;1_Kings;9;16;<LH;qal;<LH ;PR<H MLK MYRJM <LH ;;;;;;;;;;;
461497;184052;711155;1_Kings;9;16;<LH;qal;;PR<H MLK MYRJM ;phrase;;;NP;Subj;core;NA;subject;;;
461497;184052;711156;1_Kings;9;16;<LH;qal;;<LH ;phrase;;;VP;Pred;core;regular;NA;;;
461517;184176;-1;1_Kings;9;21;<LH;hif;J<LM ;W J<LM CLMH L MS <BD <D H JWM H ZH ;;;;;;;;;;;
461517;184176;711209;1_Kings;9;21;<LH;hif;;W ;phrase;;;CP;Conj;NA;NA;NA;;NA;NA
461517;184176;711210;1_Kings;9;21;<LH;hif;;J<LM ;phrase;;;VP;PreO;core;regular;principal_direct_object;;;
461517;184176;711211;1_Kings;9;21;<LH;hif;;CLMH ;phrase;;;PrNP;Subj;core;NA;subject;;;
461517;184176;711212;1_Kings;9;21;<LH;hif;;L MS <BD ;phrase;;;PP;Cmpl;complement;NA;L_object;*;;
461517;184176;711213;1_Kings;9;21;<LH;hif;;<D H JWM H ZH ;phrase;;;PP;Time;adjunct;NA;NA;;time;time
461525;184237;-1;1_Kings;9;24;<LH;qal;<LTH ;>K BT PR<H <LTH M <JR DWD >L BJTH ;;;;;;;;;;;
461525;184237;711234;1_Kings;9;24;<LH;qal;;>K BT PR<H ;phrase;;;NP;Subj;core;NA;subject;;;
461525;184237;711235;1_Kings;9;24;<LH;qal;;<LTH ;phrase;;;VP;Pred;core;regular;NA;;;
461525;184237;711236;1_Kings;9;24;<LH;qal;;M <JR DWD ;phrase;;;PP;Cmpl;complement;NA;*;;location;location
461525;184237;711237;1_Kings;9;24;<LH;qal;;>L BJTH ;phrase;;;PP;Cmpl;complement;NA;*;;location;location
461528;184252;-1;1_Kings;9;25;<LH;hif;H<LH ;W H<LH CLMH CLC P<MJM B  CNH <LWT W CLMJM <L H MZBX ;;;;;;;;;;;
461528;184252;711244;1_Kings;9;25;<LH;hif;;W ;phrase;;;CP;Conj;NA;NA;NA;;NA;NA
461528;184252;711245;1_Kings;9;25;<LH;hif;;H<LH ;phrase;;;VP;Pred;core;regular;NA;;;
461528;184252;711246;1_Kings;9;25;<LH;hif;;CLMH ;phrase;;;PrNP;Subj;core;NA;subject;;;
461528;184252;711247;1_Kings;9;25;<LH;hif;;CLC P<MJM B  CNH ;phrase;;;NP;Modi;NA;NA;NA;;NA;NA
461528;184252;711248;1_Kings;9;25;<LH;hif;;<LWT W CLMJM ;phrase;;;NP;Objc;complement;NA;direct_object;;;
461528;184252;711249;1_Kings;9;25;<LH;hif;;<L H MZBX ;phrase;;;PP;Cmpl;complement;NA;*;;location;location
461552;184427;-1;1_Kings;10;5;<LH;hif;J<LH ;>CR J<LH BJT JHWH ;;;;;;;;;;;
461552;184427;711329;1_Kings;10;5;<LH;hif;;>CR ;phrase;;;CP;Rela;NA;NA;NA;;NA;NA
461552;184427;711330;1_Kings;10;5;<LH;hif;;J<LH ;phrase;;;VP;Pred;core;regular;NA;;;
461552;184427;711331;1_Kings;10;5;<LH;hif;;BJT JHWH ;phrase;;;NP;Cmpl;complement;NA;*;;location;location
461591;184698;-1;1_Kings;10;16;<LH;hif;J<LH ;CC M>WT ZHB J<LH <L H YNH H >XT ;;;;;;;;;;;
461591;184698;711460;1_Kings;10;16;<LH;hif;;CC M>WT ZHB ;phrase;;;NP;Subj;core;NA;subject;;;
461591;184698;711461;1_Kings;10;16;<LH;hif;;J<LH ;phrase;;;VP;Pred;core;regular;NA;;;
461591;184698;711462;1_Kings;10;16;<LH;hif;;<L H YNH H >XT ;phrase;;;PP;Cmpl;complement;NA;*;;;
461593;184713;-1;1_Kings;10;17;<LH;hif;J<LH ;CLCT MNJM ZHB J<LH <L H MGN H >XT ;;;;;;;;;;;
461593;184713;711465;1_Kings;10;17;<LH;hif;;CLCT MNJM ZHB ;phrase;;;NP;Subj;core;NA;subject;;;
461593;184713;711466;1_Kings;10;17;<LH;hif;;J<LH ;phrase;;;VP;Pred;core;regular;NA;;;
461593;184713;711467;1_Kings;10;17;<LH;hif;;<L H MGN H >XT ;phrase;;;PP;Cmpl;complement;NA;*;;;
461626;184975;-1;1_Kings;10;29;<LH;qal;T<LH ;W T<LH ;;;;;;;;;;;
461626;184975;711580;1_Kings;10;29;<LH;qal;;W ;phrase;;;CP;Conj;NA;NA;NA;;NA;NA
461626;184975;711581;1_Kings;10;29;<LH;qal;;T<LH ;phrase;;;VP;Pred;core;regular;NA;;;
461673;185278;-1;1_Kings;11;15;<LH;qal;<LWT ;B <LWT JW>B FR H YB> ;;;;;;;;;;;
461673;185278;711745;1_Kings;11;15;<LH;qal;;B <LWT ;phrase;;;VP;Pred;core;regular;NA;;;
461673;185278;711746;1_Kings;11;15;<LH;qal;;JW>B FR H YB> ;phrase;;;PrNP;Subj;core;NA;subject;;;
461673;185278;461674;1_Kings;11;15;<LH;qal;;L QBR >T H XLLJM ;clause;InfC;Adju;;;NA;NA;;;;
461893;186381;-1;1_Kings;12;18;<LH;qal;<LWT ;L <LWT B  MRKBH ;;;;;;;;;;;
461893;186381;712436;1_Kings;12;18;<LH;qal;;L <LWT ;phrase;;;VP;Pred;core;regular;NA;;;
461893;186381;712437;1_Kings;12;18;<LH;qal;;B  MRKBH ;phrase;;;PP;Cmpl;complement;NA;*;;location;location
461893;186381;461894;1_Kings;12;18;<LH;qal;;L NWS JRWCLM ;clause;InfC;Adju;;;NA;NA;;;;
461913;186503;-1;1_Kings;12;24;<LH;qal;T<LW ;L> T<LW ;;;;;;;;;;;
461913;186503;712492;1_Kings;12;24;<LH;qal;;L> ;phrase;;;NegP;Nega;NA;NA;NA;;NA;NA
461913;186503;712493;1_Kings;12;24;<LH;qal;;T<LW ;phrase;;;VP;Pred;core;regular;NA;;;
461927;186567;-1;1_Kings;12;27;<LH;qal;J<LH ;>M J<LH H <M H ZH ;;;;;;;;;;;
461927;186567;712534;1_Kings;12;27;<LH;qal;;>M ;phrase;;;CP;Conj;NA;NA;NA;;NA;NA
461927;186567;712535;1_Kings;12;27;<LH;qal;;J<LH ;phrase;;;VP;Pred;core;regular;NA;;;
461927;186567;712536;1_Kings;12;27;<LH;qal;;H <M H ZH ;phrase;;;NP;Subj;core;NA;subject;;;
461927;186567;461928;1_Kings;12;27;<LH;qal;;L <FWT ZBXJM B BJT JHWH B JRWCLM ;clause;InfC;Adju;;;NA;NA;;;;
461936;186616;-1;1_Kings;12;28;<LH;qal;<LWT ;M <LWT JRWCLM ;;;;;;;;;;;
461936;186616;712560;1_Kings;12;28;<LH;qal;;M <LWT ;phrase;;;VP;Pred;core;regular;NA;;;
461936;186616;712561;1_Kings;12;28;<LH;qal;;JRWCLM ;phrase;;;PrNP;Cmpl;complement;NA;*;;location;location
461939;186622;-1;1_Kings;12;28;<LH;hif;H<LWK ;>CR H<LWK M >RY MYRJM ;;;;;;;;;;;
461939;186622;712565;1_Kings;12;28;<LH;hif;;>CR ;phrase;;;CP;Rela;NA;NA;NA;;NA;NA
461939;186622;712566;1_Kings;12;28;<LH;hif;;H<LWK ;phrase;;;VP;PreO;core;regular;direct_object;;;
461939;186622;712567;1_Kings;12;28;<LH;hif;;M >RY MYRJM ;phrase;;;PP;Cmpl;complement;NA;*;;location;location
461949;186699;-1;1_Kings;12;32;<LH;hif;J<L ;W J<L <L H MZBX ;;;;;;;;;;;
461949;186699;712603;1_Kings;12;32;<LH;hif;;W ;phrase;;;CP;Conj;NA;NA;NA;;NA;NA
461949;186699;712604;1_Kings;12;32;<LH;hif;;J<L ;phrase;;;VP;Pred;core;regular;NA;;;
461949;186699;712605;1_Kings;12;32;<LH;hif;;<L H MZBX ;phrase;;;PP;Cmpl;complement;NA;*;;location;location
461955;186725;-1;1_Kings;12;33;<LH;hif;J<L ;W J<L <L H MZBX B XMCH <FR JWM B  XDC H CMJNJ B  XDC ;;;;;;;;;;;
461955;186725;712619;1_Kings;12;33;<LH;hif;;W ;phrase;;;CP;Conj;NA;NA;NA;;NA;NA
461955;186725;712620;1_Kings;12;33;<LH;hif;;J<L ;phrase;;;VP;Pred;core;regular;NA;;;
461955;186725;712621;1_Kings;12;33;<LH;hif;;<L H MZBX ;phrase;;;PP;Cmpl;complement;NA;*;;location;location
461955;186725;712625;1_Kings;12;33;<LH;hif;;B XMCH <FR JWM B  XDC H CMJNJ B  XDC ;phrase;;;PP;Time;adjunct;NA;NA;;time;time
461959;186756;-1;1_Kings;12;33;<LH;hif;J<L ;W J<L <L H MZBX ;;;;;;;;;;;
461959;186756;712633;1_Kings;12;33;<LH;hif;;W ;phrase;;;CP;Conj;NA;NA;NA;;NA;NA
461959;186756;712634;1_Kings;12;33;<LH;hif;;J<L ;phrase;;;VP;Pred;core;regular;NA;;;
461959;186756;712635;1_Kings;12;33;<LH;hif;;<L H MZBX ;phrase;;;PP;Cmpl;complement;NA;*;;location;location
461959;186756;461960;1_Kings;12;33;<LH;hif;;L HQVJR ;clause;InfC;Adju;;;NA;NA;;;;
462282;188225;-1;1_Kings;14;25;<LH;qal;<LH ;<LH CWCQ MLK MYRJM <L JRWCLM ;;;;;;;;;;;
462282;188225;713586;1_Kings;14;25;<LH;qal;;<LH ;phrase;;;VP;Pred;core;regular;NA;;;
462282;188225;713587;1_Kings;14;25;<LH;qal;;CWCQ MLK MYRJM ;phrase;;;PrNP;Subj;core;NA;subject;;;
462282;188225;713588;1_Kings;14;25;<LH;qal;;<L JRWCLM ;phrase;;;PP;Cmpl;complement;NA;*;;location;location
462340;188618;-1;1_Kings;15;17;<LH;qal;J<L ;W J<L B<C> MLK JFR>L <L JHWDH ;;;;;;;;;;;
462340;188618;713790;1_Kings;15;17;<LH;qal;;W ;phrase;;;CP;Conj;NA;NA;NA;;NA;NA
462340;188618;713791;1_Kings;15;17;<LH;qal;;J<L ;phrase;;;VP;Pred;core;regular;NA;;;
462340;188618;713792;1_Kings;15;17;<LH;qal;;B<C> MLK JFR>L ;phrase;;;PrNP;Subj;core;NA;subject;;;
462340;188618;713793;1_Kings;15;17;<LH;qal;;<L JHWDH ;phrase;;;PP;Cmpl;complement;NA;*;;;
462354;188710;-1;1_Kings;15;19;<LH;qal;J<LH ;W J<LH M <LJ ;;;;;;;;;;;
462354;188710;713829;1_Kings;15;19;<LH;qal;;W ;phrase;;;CP;Conj;NA;NA;NA;;NA;NA
462354;188710;713830;1_Kings;15;19;<LH;qal;;J<LH ;phrase;;;VP;Pred;core;regular;NA;;;
462354;188710;713831;1_Kings;15;19;<LH;qal;;M <LJ ;phrase;;;PP;Cmpl;complement;NA;*;;;
462467;189407;-1;1_Kings;16;17;<LH;qal;J<LH ;W J<LH <MRJ M GBTWN ;;;;;;;;;;;
462467;189407;714180;1_Kings;16;17;<LH;qal;;W ;phrase;;;CP;Conj;NA;NA;NA;;NA;NA
462467;189407;714181;1_Kings;16;17;<LH;qal;;J<LH ;phrase;;;VP;Pred;core;regular;NA;;;
462467;189407;714182;1_Kings;16;17;<LH;qal;;<MRJ ;phrase;;;PrNP;Subj;core;NA;subject;;;
462467;189407;714186;1_Kings;16;17;<LH;qal;;M GBTWN ;phrase;;;PP;Cmpl;complement;NA;*;;location;location
462626;190195;-1;1_Kings;17;19;<LH;hif;J<LHW ;W J<LHW >L H <LJH ;;;;;;;;;;;
462626;190195;714641;1_Kings;17;19;<LH;hif;;W ;phrase;;;CP;Conj;NA;NA;NA;;NA;NA
462626;190195;714642;1_Kings;17;19;<LH;hif;;J<LHW ;phrase;;;VP;PreO;core;regular;direct_object;;;
462626;190195;714643;1_Kings;17;19;<LH;hif;;>L H <LJH ;phrase;;;PP;Cmpl;complement;NA;*;;location;location
462819;190991;-1;1_Kings;18;29;<LH;hif;<LWT ;<D L <LWT H MNXH ;;;;;;;;;;;
462819;190991;715178;1_Kings;18;29;<LH;hif;;<D L <LWT ;phrase;;;VP;Pred;core;regular;NA;;;
462819;190991;715179;1_Kings;18;29;<LH;hif;;H MNXH ;phrase;;;NP;Objc;complement;NA;direct_object;;;
462849;191124;-1;1_Kings;18;36;<LH;hif;<LWT ;B <LWT H MNXH ;;;;;;;;;;;
462849;191124;715263;1_Kings;18;36;<LH;hif;;B <LWT ;phrase;;;VP;Pred;core;regular;NA;;;
462849;191124;715264;1_Kings;18;36;<LH;hif;;H MNXH ;phrase;;;NP;Subj;core;NA;subject;;;
462881;191259;-1;1_Kings;18;41;<LH;qal;<LH ;<LH ;;;;;;;;;;;
462881;191259;715345;1_Kings;18;41;<LH;qal;;<LH ;phrase;;;VP;Pred;core;regular;NA;;;
462885;191269;-1;1_Kings;18;42;<LH;qal;J<LH ;W J<LH >X>B ;;;;;;;;;;;
462885;191269;715351;1_Kings;18;42;<LH;qal;;W ;phrase;;;CP;Conj;NA;NA;NA;;NA;NA
462885;191269;715352;1_Kings;18;42;<LH;qal;;J<LH ;phrase;;;VP;Pred;core;regular;NA;;;
462885;191269;715353;1_Kings;18;42;<LH;qal;;>X>B ;phrase;;;PrNP;Subj;core;NA;subject;;;
462885;191269;462886;1_Kings;18;42;<LH;qal;;L >KL ;clause;InfC;Adju;;;NA;NA;;;;
462888;191278;-1;1_Kings;18;42;<LH;qal;<LH ;W >LJHW <LH >L R>C H KRML ;;;;;;;;;;;
462888;191278;715357;1_Kings;18;42;<LH;qal;;W ;phrase;;;CP;Conj;NA;NA;NA;;NA;NA
462888;191278;715358;1_Kings;18;42;<LH;qal;;>LJHW ;phrase;;;PrNP;Subj;core;NA;subject;;;
462888;191278;715359;1_Kings;18;42;<LH;qal;;<LH ;phrase;;;VP;Pred;core;regular;NA;;;
462888;191278;715360;1_Kings;18;42;<LH;qal;;>L R>C H KRML ;phrase;;;PP;Cmpl;complement;NA;*;;location;location
462892;191295;-1;1_Kings;18;43;<LH;qal;<LH ;<LH N> ;;;;;;;;;;;
462892;191295;715371;1_Kings;18;43;<LH;qal;;<LH ;phrase;;;VP;Pred;core;regular;NA;;;
462892;191295;715372;1_Kings;18;43;<LH;qal;;N> ;phrase;;;InjP;Intj;NA;NA;NA;;NA;NA
462894;191301;-1;1_Kings;18;43;<LH;qal;J<L ;W J<L ;;;;;;;;;;;
462894;191301;715375;1_Kings;18;43;<LH;qal;;W ;phrase;;;CP;Conj;NA;NA;NA;;NA;NA
462894;191301;715376;1_Kings;18;43;<LH;qal;;J<L ;phrase;;;VP;Pred;core;regular;NA;;;
462903;191326;-1;1_Kings;18;44;<LH;qal;<LH ;HNH <B QVNH K KP >JC <LH M JM ;;;;;;;;;;;
462903;191326;715392;1_Kings;18;44;<LH;qal;;HNH ;phrase;;;InjP;Intj;NA;NA;NA;;NA;NA
462903;191326;715393;1_Kings;18;44;<LH;qal;;<B QVNH K KP >JC ;phrase;;;NP;Subj;core;NA;subject;;;
462903;191326;715394;1_Kings;18;44;<LH;qal;;<LH ;phrase;;;VP;PreC;core;regular;NA;;;
462903;191326;715395;1_Kings;18;44;<LH;qal;;M JM ;phrase;;;PP;Cmpl;complement;NA;*;;location;location
462905;191331;-1;1_Kings;18;44;<LH;qal;<LH ;<LH ;;;;;;;;;;;
462905;191331;715398;1_Kings;18;44;<LH;qal;;<LH ;phrase;;;VP;Pred;core;regular;NA;;;
463052;191936;-1;1_Kings;20;1;<LH;qal;J<L ;W J<L ;;;;;;;;;;;
463052;191936;715809;1_Kings;20;1;<LH;qal;;W ;phrase;;;CP;Conj;NA;NA;NA;;NA;NA
463052;191936;715810;1_Kings;20;1;<LH;qal;;J<L ;phrase;;;VP;Pred;core;regular;NA;;;
463166;192417;-1;1_Kings;20;22;<LH;qal;<LH ;KJ L TCWBT H CNH MLK >RM <LH <LJK ;;;;;;;;;;;
463166;192417;716108;1_Kings;20;22;<LH;qal;;KJ ;phrase;;;CP;Conj;NA;NA;NA;;NA;NA
463166;192417;716109;1_Kings;20;22;<LH;qal;;L TCWBT H CNH ;phrase;;;PP;Time;adjunct;NA;NA;;time;time
463166;192417;716110;1_Kings;20;22;<LH;qal;;MLK >RM ;phrase;;;NP;Subj;core;NA;subject;;;
463166;192417;716111;1_Kings;20;22;<LH;qal;;<LH ;phrase;;;VP;PreC;core;regular;NA;;;
463166;192417;716112;1_Kings;20;22;<LH;qal;;<LJK ;phrase;;;PP;Cmpl;complement;NA;*;;;
463185;192511;-1;1_Kings;20;26;<LH;qal;J<L ;W J<L >PQH L  MLXMH <M JFR>L ;;;;;;;;;;;
463185;192511;716173;1_Kings;20;26;<LH;qal;;W ;phrase;;;CP;Conj;NA;NA;NA;;NA;NA
463185;192511;716174;1_Kings;20;26;<LH;qal;;J<L ;phrase;;;VP;Pred;core;regular;NA;;;
463185;192511;716175;1_Kings;20;26;<LH;qal;;>PQH ;phrase;;;AdvP;Cmpl;complement;NA;*;;location;location
463185;192511;716176;1_Kings;20;26;<LH;qal;;L  MLXMH <M JFR>L ;phrase;;;PP;Adju;adjunct;NA;NA;;;
463237;192733;-1;1_Kings;20;33;<LH;hif;J<LHW ;W J<LHW <L H MRKBH ;;;;;;;;;;;
463237;192733;716324;1_Kings;20;33;<LH;hif;;W ;phrase;;;CP;Conj;NA;NA;NA;;NA;NA
463237;192733;716325;1_Kings;20;33;<LH;hif;;J<LHW ;phrase;;;VP;PreO;core;regular;direct_object;;;
463237;192733;716326;1_Kings;20;33;<LH;hif;;<L H MRKBH ;phrase;;;PP;Cmpl;complement;NA;*;;;
463476;193757;-1;1_Kings;22;6;<LH;qal;<LH ;<LH ;;;;;;;;;;;
463476;193757;717008;1_Kings;22;6;<LH;qal;;<LH ;phrase;;;VP;Pred;core;regular;NA;;;
463504;193882;-1;1_Kings;22;12;<LH;qal;<LH ;<LH RMT GL<D ;;;;;;;;;;;
463504;193882;717090;1_Kings;22;12;<LH;qal;;<LH ;phrase;;;VP;Pred;core;regular;NA;;;
463504;193882;717091;1_Kings;22;12;<LH;qal;;RMT GL<D ;phrase;;;PrNP;Cmpl;complement;NA;*;;location;location
463524;193964;-1;1_Kings;22;15;<LH;qal;<LH ;<LH ;;;;;;;;;;;
463524;193964;717149;1_Kings;22;15;<LH;qal;;<LH ;phrase;;;VP;Pred;core;regular;NA;;;
463549;194073;-1;1_Kings;22;20;<LH;qal;J<L ;W J<L ;;;;;;;;;;;
463549;194073;717223;1_Kings;22;20;<LH;qal;;W ;phrase;;;CP;Conj;NA;NA;NA;;NA;NA
463549;194073;717224;1_Kings;22;20;<LH;qal;;J<L ;phrase;;;VP;Pred;core;regular;NA;;;
463593;194248;-1;1_Kings;22;29;<LH;qal;J<L ;W J<L MLK JFR>L W JHWCPV MLK JHWDH RMT GL<D ;;;;;;;;;;;
463593;194248;717341;1_Kings;22;29;<LH;qal;;W ;phrase;;;CP;Conj;NA;NA;NA;;NA;NA
463593;194248;717342;1_Kings;22;29;<LH;qal;;J<L ;phrase;;;VP;Pred;core;regular;NA;;;
463593;194248;717343;1_Kings;22;29;<LH;qal;;MLK JFR>L W JHWCPV MLK JHWDH ;phrase;;;NP;Subj;core;NA;subject;;;
463593;194248;717344;1_Kings;22;29;<LH;qal;;RMT GL<D ;phrase;;;PrNP;Cmpl;complement;NA;*;;location;location
463622;194385;-1;1_Kings;22;35;<LH;qal;T<LH ;W T<LH H MLXMH B  JWM H HW> ;;;;;;;;;;;
463622;194385;717424;1_Kings;22;35;<LH;qal;;W ;phrase;;;CP;Conj;NA;NA;NA;;NA;NA
463622;194385;717425;1_Kings;22;35;<LH;qal;;T<LH ;phrase;;;VP;Pred;core;regular;NA;;;
463622;194385;717426;1_Kings;22;35;<LH;qal;;H MLXMH ;phrase;;;NP;Subj;core;NA;subject;;;
463622;194385;717427;1_Kings;22;35;<LH;qal;;B  JWM H HW> ;phrase;;;PP;Time;adjunct;NA;NA;;time;time
463698;194800;-1;2_Kings;1;3;<LH;qal;<LH ;<LH ;;;;;;;;;;;
463698;194800;717661;2_Kings;1;3;<LH;qal;;<LH ;phrase;;;VP;Pred;core;regular;NA;;;
463698;194800;463699;2_Kings;1;3;<LH;qal;;L QR>T ML>KJ MLK CMRWN ;clause;InfC;Adju;;;NA;NA;;;;
463707;194833;-1;2_Kings;1;4;<LH;qal;<LJT ;>CR <LJT CM ;;;;;;;;;;;
463707;194833;717682;2_Kings;1;4;<LH;qal;;>CR ;phrase;;;CP;Rela;NA;NA;NA;;NA;NA
463707;194833;717683;2_Kings;1;4;<LH;qal;;<LJT ;phrase;;;VP;Pred;core;regular;NA;;;
463707;194833;717684;2_Kings;1;4;<LH;qal;;CM ;phrase;;;AdvP;Cmpl;complement;NA;*;;location;location
463715;194859;-1;2_Kings;1;6;<LH;qal;<LH ;>JC <LH ;;;;;;;;;;;
463715;194859;717706;2_Kings;1;6;<LH;qal;;>JC ;phrase;;;NP;Subj;core;NA;subject;;;
463715;194859;717707;2_Kings;1;6;<LH;qal;;<LH ;phrase;;;VP;Pred;core;regular;NA;;;
463715;194859;463716;2_Kings;1;6;<LH;qal;;L QR>TNW ;clause;InfC;Adju;;;NA;NA;;;;
463728;194899;-1;2_Kings;1;6;<LH;qal;<LJT ;>CR <LJT CM ;;;;;;;;;;;
463728;194899;717735;2_Kings;1;6;<LH;qal;;>CR ;phrase;;;CP;Rela;NA;NA;NA;;NA;NA
463728;194899;717736;2_Kings;1;6;<LH;qal;;<LJT ;phrase;;;VP;Pred;core;regular;NA;;;
463728;194899;717737;2_Kings;1;6;<LH;qal;;CM ;phrase;;;AdvP;Cmpl;complement;NA;*;;location;location
463733;194915;-1;2_Kings;1;7;<LH;qal;<LH ;>CR <LH ;;;;;;;;;;;
463733;194915;717749;2_Kings;1;7;<LH;qal;;>CR ;phrase;;;CP;Rela;NA;NA;NA;;NA;NA
463733;194915;717750;2_Kings;1;7;<LH;qal;;<LH ;phrase;;;VP;Pred;core;regular;NA;;;
463733;194915;463734;2_Kings;1;7;<LH;qal;;L QR>TKM ;clause;InfC;Adju;;;NA;NA;;;;
463742;194952;-1;2_Kings;1;9;<LH;qal;J<L ;W J<L >LJW ;;;;;;;;;;;
463742;194952;717772;2_Kings;1;9;<LH;qal;;W ;phrase;;;CP;Conj;NA;NA;NA;;NA;NA
463742;194952;717773;2_Kings;1;9;<LH;qal;;J<L ;phrase;;;VP;Pred;core;regular;NA;;;
463742;194952;717774;2_Kings;1;9;<LH;qal;;>LJW ;phrase;;;PP;Cmpl;complement;NA;indirect_object;;;
463771;195077;-1;2_Kings;1;13;<LH;qal;J<L ;W J<L ;;;;;;;;;;;
463771;195077;717853;2_Kings;1;13;<LH;qal;;W ;phrase;;;CP;Conj;NA;NA;NA;;NA;NA
463771;195077;717854;2_Kings;1;13;<LH;qal;;J<L ;phrase;;;VP;Pred;core;regular;NA;;;
463795;195187;-1;2_Kings;1;16;<LH;qal;<LJT ;>CR <LJT CM ;;;;;;;;;;;
463795;195187;717920;2_Kings;1;16;<LH;qal;;>CR ;phrase;;;CP;Rela;NA;NA;NA;;NA;NA
463795;195187;717921;2_Kings;1;16;<LH;qal;;<LJT ;phrase;;;VP;Pred;core;regular;NA;;;
463795;195187;717922;2_Kings;1;16;<LH;qal;;CM ;phrase;;;AdvP;Cmpl;complement;NA;*;;location;location
463806;195242;-1;2_Kings;2;1;<LH;hif;H<LWT ;B H<LWT JHWH >T >LJHW B  S<RH H CMJM ;;;;;;;;;;;
463806;195242;717956;2_Kings;2;1;<LH;hif;;B H<LWT ;phrase;;;VP;Pred;core;regular;NA;;;
463806;195242;717957;2_Kings;2;1;<LH;hif;;JHWH ;phrase;;;PrNP;Subj;core;NA;subject;;;
463806;195242;717958;2_Kings;2;1;<LH;hif;;>T >LJHW ;phrase;;;PP;Objc;complement;NA;direct_object;;;
463806;195242;717959;2_Kings;2;1;<LH;hif;;B  S<RH ;phrase;;;PP;Adju;adjunct;NA;NA;;;
463806;195242;717960;2_Kings;2;1;<LH;hif;;H CMJM ;phrase;;;NP;Cmpl;complement;NA;*;;location;location
463877;195504;-1;2_Kings;2;11;<LH;qal;J<L ;W J<L >LJHW B  S<RH H CMJM ;;;;;;;;;;;
463877;195504;718157;2_Kings;2;11;<LH;qal;;W ;phrase;;;CP;Conj;NA;NA;NA;;NA;NA
463877;195504;718158;2_Kings;2;11;<LH;qal;;J<L ;phrase;;;VP;Pred;core;regular;NA;;;
463877;195504;718159;2_Kings;2;11;<LH;qal;;>LJHW ;phrase;;;PrNP;Subj;core;NA;subject;;;
463877;195504;718160;2_Kings;2;11;<LH;qal;;B  S<RH ;phrase;;;PP;Adju;adjunct;NA;NA;;;
463877;195504;718161;2_Kings;2;11;<LH;qal;;H CMJM ;phrase;;;NP;Cmpl;complement;NA;*;;location;location
463941;195768;-1;2_Kings;2;23;<LH;qal;J<L ;W J<L M CM BJT_>L ;;;;;;;;;;;
463941;195768;718342;2_Kings;2;23;<LH;qal;;W ;phrase;;;CP;Conj;NA;NA;NA;;NA;NA
463941;195768;718343;2_Kings;2;23;<LH;qal;;J<L ;phrase;;;VP;Pred;core;regular;NA;;;
463941;195768;718344;2_Kings;2;23;<LH;qal;;M CM ;phrase;;;PP;Cmpl;complement;NA;*;;location;location
463941;195768;718345;2_Kings;2;23;<LH;qal;;BJT_>L ;phrase;;;PrNP;Cmpl;complement;NA;*;;location;location
463942;195774;-1;2_Kings;2;23;<LH;qal;<LH ;W HW> <LH B  DRK ;;;;;;;;;;;
463942;195774;718346;2_Kings;2;23;<LH;qal;;W ;phrase;;;CP;Conj;NA;NA;NA;;NA;NA
463942;195774;718347;2_Kings;2;23;<LH;qal;;HW> ;phrase;;;PPrP;Subj;core;NA;subject;;;
463942;195774;718348;2_Kings;2;23;<LH;qal;;<LH ;phrase;;;VP;PreC;core;regular;NA;;;
463942;195774;718349;2_Kings;2;23;<LH;qal;;B  DRK ;phrase;;;PP;Cmpl;complement;NA;*;;location;location
463946;195791;-1;2_Kings;2;23;<LH;qal;<LH ;<LH ;;;;;;;;;;;
463946;195791;718360;2_Kings;2;23;<LH;qal;;<LH ;phrase;;;VP;Pred;core;regular;NA;;;
463948;195793;-1;2_Kings;2;23;<LH;qal;<LH ;<LH ;;;;;;;;;;;
463948;195793;718362;2_Kings;2;23;<LH;qal;;<LH ;phrase;;;VP;Pred;core;regular;NA;;;
463979;195963;-1;2_Kings;3;7;<LH;qal;><LH ;><LH ;;;;;;;;;;;
463979;195963;718458;2_Kings;3;7;<LH;qal;;><LH ;phrase;;;VP;Pred;core;regular;NA;;;
463985;195980;-1;2_Kings;3;8;<LH;qal;N<LH ;N<LH ;;;;;;;;;;;
463985;195980;718469;2_Kings;3;8;<LH;qal;;N<LH ;phrase;;;VP;Pred;core;regular;NA;;;
464039;196249;-1;2_Kings;3;20;<LH;hif;<LWT ;K <LWT H MNXH ;;;;;;;;;;;
464039;196249;718630;2_Kings;3;20;<LH;hif;;K <LWT ;phrase;;;VP;Pred;core;regular;NA;;;
464039;196249;718631;2_Kings;3;20;<LH;hif;;H MNXH ;phrase;;;NP;Subj;core;NA;subject;;;
464043;196271;-1;2_Kings;3;21;<LH;qal;<LW ;KJ <LW H MLKJM ;;;;;;;;;;;
464043;196271;718644;2_Kings;3;21;<LH;qal;;KJ ;phrase;;;CP;Conj;NA;NA;NA;;NA;NA
464043;196271;718645;2_Kings;3;21;<LH;qal;;<LW ;phrase;;;VP;Pred;core;regular;NA;;;
464043;196271;718646;2_Kings;3;21;<LH;qal;;H MLKJM ;phrase;;;NP;Subj;core;NA;subject;;;
464043;196271;464044;2_Kings;3;21;<LH;qal;;L HLXM BM ;clause;InfC;Adju;;;NA;NA;;;;
464079;196426;-1;2_Kings;3;27;<LH;hif;J<LHW ;W J<LHW <LH <L H XMH ;;;;;;;;;;;
464079;196426;718749;2_Kings;3;27;<LH;hif;;W ;phrase;;;CP;Conj;NA;NA;NA;;NA;NA
464079;196426;718750;2_Kings;3;27;<LH;hif;;J<LHW ;phrase;;;VP;PreO;core;regular;principal_direct_object;;;
464079;196426;718751;2_Kings;3;27;<LH;hif;;<LH ;phrase;;;NP;Objc;complement;NA;NP_direct_object;;;
464079;196426;718752;2_Kings;3;27;<LH;hif;;<L H XMH ;phrase;;;PP;Cmpl;complement;NA;*;;;
464190;196877;-1;2_Kings;4;21;<LH;qal;T<L ;W T<L ;;;;;;;;;;;
464190;196877;719053;2_Kings;4;21;<LH;qal;;W ;phrase;;;CP;Conj;NA;NA;NA;;NA;NA
464190;196877;719054;2_Kings;4;21;<LH;qal;;T<L ;phrase;;;VP;Pred;core;regular;NA;;;
464269;197164;-1;2_Kings;4;34;<LH;qal;J<L ;W J<L ;;;;;;;;;;;
464269;197164;719268;2_Kings;4;34;<LH;qal;;W ;phrase;;;CP;Conj;NA;NA;NA;;NA;NA
464269;197164;719269;2_Kings;4;34;<LH;qal;;J<L ;phrase;;;VP;Pred;core;regular;NA;;;
464278;197204;-1;2_Kings;4;35;<LH;qal;J<L ;W J<L ;;;;;;;;;;;
464278;197204;719295;2_Kings;4;35;<LH;qal;;W ;phrase;;;CP;Conj;NA;NA;NA;;NA;NA
464278;197204;719296;2_Kings;4;35;<LH;qal;;J<L ;phrase;;;VP;Pred;core;regular;NA;;;
464643;198659;-1;2_Kings;6;24;<LH;qal;J<L ;W J<L ;;;;;;;;;;;
464643;198659;720294;2_Kings;6;24;<LH;qal;;W ;phrase;;;CP;Conj;NA;NA;NA;;NA;NA
464643;198659;720295;2_Kings;6;24;<LH;qal;;J<L ;phrase;;;VP;Pred;core;regular;NA;;;
465286;201507;-1;2_Kings;10;15;<LH;hif;J<LHW ;W J<LHW >LJW >L H MRKBH ;;;;;;;;;;;
465286;201507;722093;2_Kings;10;15;<LH;hif;;W ;phrase;;;CP;Conj;NA;NA;NA;;NA;NA
465286;201507;722094;2_Kings;10;15;<LH;hif;;J<LHW ;phrase;;;VP;PreO;core;regular;direct_object;;;
465286;201507;722095;2_Kings;10;15;<LH;hif;;>LJW ;phrase;;;PP;Cmpl;complement;NA;indirect_object;;;
465286;201507;722096;2_Kings;10;15;<LH;hif;;>L H MRKBH ;phrase;;;PP;Cmpl;complement;NA;*;;;
465490;202629;-1;2_Kings;12;5;<LH;qal;J<LH ;>CR J<LH <L LB >JC ;;;;;;;;;;;
465490;202629;722702;2_Kings;12;5;<LH;qal;;>CR ;phrase;;;CP;Rela;NA;NA;NA;;NA;NA
465490;202629;722703;2_Kings;12;5;<LH;qal;;J<LH ;phrase;;;VP;Pred;core;regular;NA;;;
465490;202629;722704;2_Kings;12;5;<LH;qal;;<L LB >JC ;phrase;;;PP;Cmpl;complement;NA;*;;;
465490;202629;465491;2_Kings;12;5;<LH;qal;;L HBJ> BJT JHWH ;clause;InfC;Adju;;;NA;NA;;;;
465514;202788;-1;2_Kings;12;11;<LH;qal;J<L ;W J<L SPR H MLK W H KHN H GDWL ;;;;;;;;;;;
465514;202788;722786;2_Kings;12;11;<LH;qal;;W ;phrase;;;CP;Conj;NA;NA;NA;;NA;NA
465514;202788;722787;2_Kings;12;11;<LH;qal;;J<L ;phrase;;;VP;Pred;core;regular;NA;;;
465514;202788;722788;2_Kings;12;11;<LH;qal;;SPR H MLK W H KHN H GDWL ;phrase;;;NP;Subj;core;NA;subject;;;
465535;202943;-1;2_Kings;12;18;<LH;qal;J<LH ;>Z J<LH XZ>L MLK >RM ;;;;;;;;;;;
465535;202943;722855;2_Kings;12;18;<LH;qal;;>Z ;phrase;;;AdvP;Modi;NA;NA;NA;;NA;NA
465535;202943;722856;2_Kings;12;18;<LH;qal;;J<LH ;phrase;;;VP;Pred;core;regular;NA;;;
465535;202943;722857;2_Kings;12;18;<LH;qal;;XZ>L MLK >RM ;phrase;;;PrNP;Subj;core;NA;subject;;;
465539;202958;-1;2_Kings;12;18;<LH;qal;<LWT ;L <LWT <L JRWCLM ;;;;;;;;;;;
465539;202958;722867;2_Kings;12;18;<LH;qal;;L <LWT ;phrase;;;VP;Pred;core;regular;NA;;;
465539;202958;722868;2_Kings;12;18;<LH;qal;;<L JRWCLM ;phrase;;;PP;Cmpl;complement;NA;*;;location;location
465544;203005;-1;2_Kings;12;19;<LH;qal;J<L ;W J<L M <L JRWCLM ;;;;;;;;;;;
465544;203005;722882;2_Kings;12;19;<LH;qal;;W ;phrase;;;CP;Conj;NA;NA;NA;;NA;NA
465544;203005;722883;2_Kings;12;19;<LH;qal;;J<L ;phrase;;;VP;Pred;core;regular;NA;;;
465544;203005;722884;2_Kings;12;19;<LH;qal;;M <L JRWCLM ;phrase;;;PP;Cmpl;complement;NA;*;;location;location
465711;203863;-1;2_Kings;14;11;<LH;qal;J<L ;W J<L JHW>C MLK JFR>L ;;;;;;;;;;;
465711;203863;723391;2_Kings;14;11;<LH;qal;;W ;phrase;;;CP;Conj;NA;NA;NA;;NA;NA
465711;203863;723392;2_Kings;14;11;<LH;qal;;J<L ;phrase;;;VP;Pred;core;regular;NA;;;
465711;203863;723393;2_Kings;14;11;<LH;qal;;JHW>C MLK JFR>L ;phrase;;;PrNP;Subj;core;NA;subject;;;
465810;204502;-1;2_Kings;15;14;<LH;qal;J<L ;W J<L MNXM BN GDJ M TRYH ;;;;;;;;;;;
465810;204502;723712;2_Kings;15;14;<LH;qal;;W ;phrase;;;CP;Conj;NA;NA;NA;;NA;NA
465810;204502;723713;2_Kings;15;14;<LH;qal;;J<L ;phrase;;;VP;Pred;core;regular;NA;;;
465810;204502;723714;2_Kings;15;14;<LH;qal;;MNXM BN GDJ ;phrase;;;PrNP;Subj;core;NA;subject;;;
465810;204502;723715;2_Kings;15;14;<LH;qal;;M TRYH ;phrase;;;PP;Cmpl;complement;NA;*;;location;location
465902;205114;-1;2_Kings;16;5;<LH;qal;J<LH ;>Z J<LH RYJN MLK >RM W PQX BN RMLJHW MLK JFR>L JRWCLM L  MLXMH ;;;;;;;;;;;
465902;205114;723998;2_Kings;16;5;<LH;qal;;>Z ;phrase;;;AdvP;Time;adjunct;NA;NA;;time;time
465902;205114;723999;2_Kings;16;5;<LH;qal;;J<LH ;phrase;;;VP;Pred;core;regular;NA;;;
465902;205114;724000;2_Kings;16;5;<LH;qal;;RYJN MLK >RM W PQX BN RMLJHW MLK JFR>L ;phrase;;;PrNP;Subj;core;NA;subject;;;
465902;205114;724001;2_Kings;16;5;<LH;qal;;JRWCLM ;phrase;;;PrNP;Cmpl;complement;NA;*;;location;location
465902;205114;724002;2_Kings;16;5;<LH;qal;;L  MLXMH ;phrase;;;PP;Adju;adjunct;NA;NA;;;
465913;205183;-1;2_Kings;16;7;<LH;qal;<LH ;<LH ;;;;;;;;;;;
465913;205183;724035;2_Kings;16;7;<LH;qal;;<LH ;phrase;;;VP;Pred;core;regular;NA;;;
465920;205230;-1;2_Kings;16;9;<LH;qal;J<L ;W J<L MLK >CWR >L DMFQ ;;;;;;;;;;;
465920;205230;724057;2_Kings;16;9;<LH;qal;;W ;phrase;;;CP;Conj;NA;NA;NA;;NA;NA
465920;205230;724058;2_Kings;16;9;<LH;qal;;J<L ;phrase;;;VP;Pred;core;regular;NA;;;
465920;205230;724059;2_Kings;16;9;<LH;qal;;MLK >CWR ;phrase;;;NP;Subj;core;NA;subject;;;
465920;205230;724060;2_Kings;16;9;<LH;qal;;>L DMFQ ;phrase;;;PP;Cmpl;complement;NA;*;;location;location
465937;205332;-1;2_Kings;16;12;<LH;hif;J<L ;W J<L <LJW ;;;;;;;;;;;
465937;205332;724112;2_Kings;16;12;<LH;hif;;W ;phrase;;;CP;Conj;NA;NA;NA;;NA;NA
465937;205332;724113;2_Kings;16;12;<LH;hif;;J<L ;phrase;;;VP;Pred;core;regular;NA;;;
465937;205332;724114;2_Kings;16;12;<LH;hif;;<LJW ;phrase;;;PP;Cmpl;complement;NA;*;;;
465972;205595;-1;2_Kings;17;3;<LH;qal;<LH ;<LJW <LH CLMN>SR MLK >CWR ;;;;;;;;;;;
465972;205595;724226;2_Kings;17;3;<LH;qal;;<LJW ;phrase;;;PP;Cmpl;complement;NA;*;;;
465972;205595;724227;2_Kings;17;3;<LH;qal;;<LH ;phrase;;;VP;Pred;core;regular;NA;;;
465972;205595;724228;2_Kings;17;3;<LH;qal;;CLMN>SR MLK >CWR ;phrase;;;PrNP;Subj;core;NA;subject;;;
465977;205624;-1;2_Kings;17;4;<LH;hif;H<LH ;W L> H<LH MNXH L MLK >CWR K CNH B CNH ;;;;;;;;;;;
465977;205624;724247;2_Kings;17;4;<LH;hif;;W ;phrase;;;CP;Conj;NA;NA;NA;;NA;NA
465977;205624;724248;2_Kings;17;4;<LH;hif;;L> ;phrase;;;NegP;Nega;NA;NA;NA;;NA;NA
465977;205624;724249;2_Kings;17;4;<LH;hif;;H<LH ;phrase;;;VP;Pred;core;regular;NA;;;
465977;205624;724250;2_Kings;17;4;<LH;hif;;MNXH ;phrase;;;NP;Objc;complement;NA;principal_direct_object;;;
465977;205624;724251;2_Kings;17;4;<LH;hif;;L MLK >CWR ;phrase;;;PP;Cmpl;complement;NA;L_object;*;;
465977;205624;724252;2_Kings;17;4;<LH;hif;;K CNH B CNH ;phrase;;;PP;Adju;adjunct;NA;NA;;;
465980;205642;-1;2_Kings;17;5;<LH;qal;J<L ;W J<L MLK >CWR B KL H >RY ;;;;;;;;;;;
465980;205642;724259;2_Kings;17;5;<LH;qal;;W ;phrase;;;CP;Conj;NA;NA;NA;;NA;NA
465980;205642;724260;2_Kings;17;5;<LH;qal;;J<L ;phrase;;;VP;Pred;core;regular;NA;;;
465980;205642;724261;2_Kings;17;5;<LH;qal;;MLK >CWR ;phrase;;;NP;Subj;core;NA;subject;;;
465980;205642;724262;2_Kings;17;5;<LH;qal;;B KL H >RY ;phrase;;;PP;Cmpl;complement;NA;*;;location;location
465981;205650;-1;2_Kings;17;5;<LH;qal;J<L ;W J<L CMRWN ;;;;;;;;;;;
465981;205650;724263;2_Kings;17;5;<LH;qal;;W ;phrase;;;CP;Conj;NA;NA;NA;;NA;NA
465981;205650;724264;2_Kings;17;5;<LH;qal;;J<L ;phrase;;;VP;Pred;core;regular;NA;;;
465981;205650;724265;2_Kings;17;5;<LH;qal;;CMRWN ;phrase;;;PrNP;Cmpl;complement;NA;*;;location;location
465988;205696;-1;2_Kings;17;7;<LH;hif;M<LH ;H M<LH >TM M >RY MYRJM M TXT JD PR<H MLK MYRJM ;;;;;;;;;;;
465988;205696;724288;2_Kings;17;7;<LH;hif;;H ;phrase;;;CP;Rela;NA;NA;NA;;NA;NA
465988;205696;724289;2_Kings;17;7;<LH;hif;;M<LH ;phrase;;;VP;PreC;core;regular;NA;;;
465988;205696;724290;2_Kings;17;7;<LH;hif;;>TM ;phrase;;;PP;Objc;complement;NA;direct_object;;;
465988;205696;724291;2_Kings;17;7;<LH;hif;;M >RY MYRJM M TXT JD PR<H MLK MYRJM ;phrase;;;PP;Cmpl;complement;NA;*;;location;location
466111;206395;-1;2_Kings;17;36;<LH;hif;H<LH ;>CR H<LH >TKM M >RY MYRJM B KX GDWL W B ZRW< NVWJH ;;;;;;;;;;;
466111;206395;724698;2_Kings;17;36;<LH;hif;;>CR ;phrase;;;CP;Rela;NA;NA;NA;;NA;NA
466111;206395;724699;2_Kings;17;36;<LH;hif;;H<LH ;phrase;;;VP;Pred;core;regular;NA;;;
466111;206395;724700;2_Kings;17;36;<LH;hif;;>TKM ;phrase;;;PP;Objc;complement;NA;direct_object;;;
466111;206395;724701;2_Kings;17;36;<LH;hif;;M >RY MYRJM ;phrase;;;PP;Cmpl;complement;NA;*;;location;location
466111;206395;724702;2_Kings;17;36;<LH;hif;;B KX GDWL W B ZRW< NVWJH ;phrase;;;PP;Adju;adjunct;NA;NA;;;
466164;206690;-1;2_Kings;18;9;<LH;qal;<LH ;<LH CLMN>SR MLK >CWR <L CMRWN ;;;;;;;;;;;
466164;206690;724865;2_Kings;18;9;<LH;qal;;<LH ;phrase;;;VP;Pred;core;regular;NA;;;
466164;206690;724866;2_Kings;18;9;<LH;qal;;CLMN>SR MLK >CWR ;phrase;;;PrNP;Subj;core;NA;subject;;;
466164;206690;724867;2_Kings;18;9;<LH;qal;;<L CMRWN ;phrase;;;PP;Cmpl;complement;NA;*;;location;location
466176;206772;-1;2_Kings;18;13;<LH;qal;<LH ;W B >RB< <FRH CNH L  MLK XZQJH <LH SNXRJB MLK >CWR <L KL <RJ JHWDH H BYRWT ;;;;;;;;;;;
466176;206772;724903;2_Kings;18;13;<LH;qal;;W ;phrase;;;CP;Conj;NA;NA;NA;;NA;NA
466176;206772;724904;2_Kings;18;13;<LH;qal;;B >RB< <FRH CNH L  MLK XZQJH ;phrase;;;PP;Time;adjunct;NA;NA;;time;time
466176;206772;724905;2_Kings;18;13;<LH;qal;;<LH ;phrase;;;VP;Pred;core;regular;NA;;;
466176;206772;724906;2_Kings;18;13;<LH;qal;;SNXRJB MLK >CWR ;phrase;;;PrNP;Subj;core;NA;subject;;;
466176;206772;724907;2_Kings;18;13;<LH;qal;;<L KL <RJ JHWDH H BYRWT ;phrase;;;PP;Cmpl;complement;NA;*;;location;location
466191;206886;-1;2_Kings;18;17;<LH;qal;J<LW ;W J<LW ;;;;;;;;;;;
466191;206886;724953;2_Kings;18;17;<LH;qal;;W ;phrase;;;CP;Conj;NA;NA;NA;;NA;NA
466191;206886;724954;2_Kings;18;17;<LH;qal;;J<LW ;phrase;;;VP;Pred;core;regular;NA;;;
466193;206891;-1;2_Kings;18;17;<LH;qal;J<LW ;W J<LW ;;;;;;;;;;;
466193;206891;724958;2_Kings;18;17;<LH;qal;;W ;phrase;;;CP;Conj;NA;NA;NA;;NA;NA
466193;206891;724959;2_Kings;18;17;<LH;qal;;J<LW ;phrase;;;VP;Pred;core;regular;NA;;;
466231;207087;-1;2_Kings;18;25;<LH;qal;<LJTJ ;H M BL<DJ JHWH <LJTJ <L H MQWM H ZH ;;;;;;;;;;;
466231;207087;725064;2_Kings;18;25;<LH;qal;;H ;phrase;;;InrP;Ques;NA;NA;NA;;NA;NA
466231;207087;725065;2_Kings;18;25;<LH;qal;;M BL<DJ JHWH ;phrase;;;PP;Adju;adjunct;NA;NA;;;
466231;207087;725066;2_Kings;18;25;<LH;qal;;<LJTJ ;phrase;;;VP;Pred;core;regular;NA;;;
466231;207087;725067;2_Kings;18;25;<LH;qal;;<L H MQWM H ZH ;phrase;;;PP;Cmpl;complement;NA;*;;location;location
466231;207087;466232;2_Kings;18;25;<LH;qal;;L HCXTW ;clause;InfC;Adju;;;NA;NA;;;;
466234;207098;-1;2_Kings;18;25;<LH;qal;<LH ;<LH <L H >RY H Z>T ;;;;;;;;;;;
466234;207098;725072;2_Kings;18;25;<LH;qal;;<LH ;phrase;;;VP;Pred;core;regular;NA;;;
466234;207098;725073;2_Kings;18;25;<LH;qal;;<L H >RY H Z>T ;phrase;;;PP;Cmpl;complement;NA;*;;location;location
466351;207687;-1;2_Kings;19;14;<LH;qal;J<L ;W J<L BJT JHWH ;;;;;;;;;;;
466351;207687;725419;2_Kings;19;14;<LH;qal;;W ;phrase;;;CP;Conj;NA;NA;NA;;NA;NA
466351;207687;725420;2_Kings;19;14;<LH;qal;;J<L ;phrase;;;VP;Pred;core;regular;NA;;;
466351;207687;725421;2_Kings;19;14;<LH;qal;;BJT JHWH ;phrase;;;NP;Cmpl;complement;NA;*;;location;location
466397;207872;-1;2_Kings;19;23;<LH;qal;<LJTJ ;B RKB RKBJ >NJ <LJTJ MRWM HRJM JRKTJ LBNWN ;;;;;;;;;;;
466397;207872;725536;2_Kings;19;23;<LH;qal;;B RKB RKBJ ;phrase;;;PP;Adju;adjunct;NA;NA;;;
466397;207872;725537;2_Kings;19;23;<LH;qal;;>NJ ;phrase;;;PPrP;Subj;core;NA;subject;;;
466397;207872;725538;2_Kings;19;23;<LH;qal;;<LJTJ ;phrase;;;VP;Pred;core;regular;NA;;;
466397;207872;725539;2_Kings;19;23;<LH;qal;;MRWM HRJM JRKTJ LBNWN ;phrase;;;NP;Cmpl;complement;NA;*;;location;location
466421;207963;-1;2_Kings;19;28;<LH;qal;<LH ;W C>NNK <LH B >ZNJ ;;;;;;;;;;;
466421;207963;725592;2_Kings;19;28;<LH;qal;;W ;phrase;;;CP;Conj;NA;NA;NA;;NA;NA
466421;207963;725593;2_Kings;19;28;<LH;qal;;C>NNK ;phrase;;;NP;Subj;core;NA;subject;;;
466421;207963;725594;2_Kings;19;28;<LH;qal;;<LH ;phrase;;;VP;Pred;core;regular;NA;;;
466421;207963;725595;2_Kings;19;28;<LH;qal;;B >ZNJ ;phrase;;;PP;Cmpl;complement;NA;*;;location;location
466491;208286;-1;2_Kings;20;5;<LH;qal;T<LH ;B  JWM H CLJCJ T<LH BJT JHWH ;;;;;;;;;;;
466491;208286;725800;2_Kings;20;5;<LH;qal;;B  JWM H CLJCJ ;phrase;;;PP;Time;adjunct;NA;NA;;time;time
466491;208286;725801;2_Kings;20;5;<LH;qal;;T<LH ;phrase;;;VP;Pred;core;regular;NA;;;
466491;208286;725802;2_Kings;20;5;<LH;qal;;BJT JHWH ;phrase;;;NP;Cmpl;complement;NA;*;;location;location
466504;208347;-1;2_Kings;20;8;<LH;qal;<LJTJ ;W <LJTJ B  JWM H CLJCJ BJT JHWH ;;;;;;;;;;;
466504;208347;725838;2_Kings;20;8;<LH;qal;;W ;phrase;;;CP;Conj;NA;NA;NA;;NA;NA
466504;208347;725839;2_Kings;20;8;<LH;qal;;<LJTJ ;phrase;;;VP;Pred;core;regular;NA;;;
466504;208347;725840;2_Kings;20;8;<LH;qal;;B  JWM H CLJCJ ;phrase;;;PP;Time;adjunct;NA;NA;;time;time
466504;208347;725841;2_Kings;20;8;<LH;qal;;BJT JHWH ;phrase;;;NP;Cmpl;complement;NA;*;;location;location
466678;209284;-1;2_Kings;22;4;<LH;qal;<LH ;<LH >L XLQJHW H KHN H GDWL ;;;;;;;;;;;
466678;209284;726368;2_Kings;22;4;<LH;qal;;<LH ;phrase;;;VP;Pred;core;regular;NA;;;
466678;209284;726369;2_Kings;22;4;<LH;qal;;>L XLQJHW H KHN H GDWL ;phrase;;;PP;Cmpl;complement;NA;indirect_object;;;
466759;209766;-1;2_Kings;23;2;<LH;qal;J<L ;W J<L H MLK BJT JHWH ;;;;;;;;;;;
466759;209766;726611;2_Kings;23;2;<LH;qal;;W ;phrase;;;CP;Conj;NA;NA;NA;;NA;NA
466759;209766;726612;2_Kings;23;2;<LH;qal;;J<L ;phrase;;;VP;Pred;core;regular;NA;;;
466759;209766;726613;2_Kings;23;2;<LH;qal;;H MLK ;phrase;;;NP;Subj;core;NA;subject;;;
466759;209766;726614;2_Kings;23;2;<LH;qal;;BJT JHWH ;phrase;;;NP;Cmpl;complement;NA;*;;location;location
466793;210072;-1;2_Kings;23;9;<LH;hif;J<LW ;>K L> J<LW KHNJ H BMWT >L MZBX JHWH B JRWCLM ;;;;;;;;;;;
466793;210072;726725;2_Kings;23;9;<LH;hif;;>K ;phrase;;;AdvP;Modi;NA;NA;NA;;NA;NA
466793;210072;726726;2_Kings;23;9;<LH;hif;;L> ;phrase;;;NegP;Nega;NA;NA;NA;;NA;NA
466793;210072;726727;2_Kings;23;9;<LH;hif;;J<LW ;phrase;;;VP;Pred;core;regular;NA;;;
466793;210072;726728;2_Kings;23;9;<LH;hif;;KHNJ H BMWT ;phrase;;;NP;Subj;core;NA;subject;;;
466793;210072;726729;2_Kings;23;9;<LH;hif;;>L MZBX JHWH B JRWCLM ;phrase;;;PP;Cmpl;complement;NA;*;;location;location
466886;210662;-1;2_Kings;23;29;<LH;qal;<LH ;B JMJW <LH PR<H NKH MLK MYRJM <L MLK >CWR <L NHR PRT ;;;;;;;;;;;
466886;210662;727013;2_Kings;23;29;<LH;qal;;B JMJW ;phrase;;;PP;Time;adjunct;NA;NA;;time;time
466886;210662;727014;2_Kings;23;29;<LH;qal;;<LH ;phrase;;;VP;Pred;core;regular;NA;;;
466886;210662;727015;2_Kings;23;29;<LH;qal;;PR<H NKH MLK MYRJM ;phrase;;;NP;Subj;core;NA;subject;;;
466886;210662;727016;2_Kings;23;29;<LH;qal;;<L MLK >CWR ;phrase;;;PP;Cmpl;complement;NA;*;;location;location
466886;210662;727017;2_Kings;23;29;<LH;qal;;<L NHR PRT ;phrase;;;PP;Cmpl;complement;NA;*;;location;location
466923;210882;-1;2_Kings;24;1;<LH;qal;<LH ;B JMJW <LH NBKDN>YR MLK BBL ;;;;;;;;;;;
466923;210882;727130;2_Kings;24;1;<LH;qal;;B JMJW ;phrase;;;PP;Time;adjunct;NA;NA;;time;time
466923;210882;727131;2_Kings;24;1;<LH;qal;;<LH ;phrase;;;VP;Pred;core;regular;NA;;;
466923;210882;727132;2_Kings;24;1;<LH;qal;;NBKDN>YR MLK BBL ;phrase;;;PrNP;Subj;core;NA;subject;;;
466954;211066;-1;2_Kings;24;10;<LH;qal;<LH ;B  <T H HJ> <LH <BDJ NBKDN>YR MLK BBL JRWCLM ;;;;;;;;;;;
466954;211066;727229;2_Kings;24;10;<LH;qal;;B  <T H HJ> ;phrase;;;PP;Time;adjunct;NA;NA;;time;time
466954;211066;727230;2_Kings;24;10;<LH;qal;;<LH ;phrase;;;VP;Pred;core;regular;NA;;;
466954;211066;727231;2_Kings;24;10;<LH;qal;;<BDJ NBKDN>YR MLK BBL ;phrase;;;NP;Subj;core;NA;subject;;;
466954;211066;727232;2_Kings;24;10;<LH;qal;;JRWCLM ;phrase;;;PrNP;Cmpl;complement;NA;*;;location;location
467001;211437;-1;2_Kings;25;6;<LH;hif;J<LW ;W J<LW >TW >L MLK BBL RBLTH ;;;;;;;;;;;
467001;211437;727395;2_Kings;25;6;<LH;hif;;W ;phrase;;;CP;Conj;NA;NA;NA;;NA;NA
467001;211437;727396;2_Kings;25;6;<LH;hif;;J<LW ;phrase;;;VP;Pred;core;regular;NA;;;
467001;211437;727397;2_Kings;25;6;<LH;hif;;>TW ;phrase;;;PP;Objc;complement;NA;direct_object;;;
467001;211437;727398;2_Kings;25;6;<LH;hif;;>L MLK BBL ;phrase;;;PP;Cmpl;complement;NA;*;;;
467001;211437;727399;2_Kings;25;6;<LH;hif;;RBLTH ;phrase;;;AdvP;Cmpl;complement;NA;*;;location;location
467213;212563;-1;Isaiah;2;3;<LH;qal;N<LH ;W N<LH >L HR JHWH >L BJT >LHJ J<QB ;;;;;;;;;;;
467213;212563;727988;Isaiah;2;3;<LH;qal;;W ;phrase;;;CP;Conj;NA;NA;NA;;NA;NA
467213;212563;727989;Isaiah;2;3;<LH;qal;;N<LH ;phrase;;;VP;Pred;core;regular;NA;;;
467213;212563;727990;Isaiah;2;3;<LH;qal;;>L HR JHWH >L BJT >LHJ J<QB ;phrase;;;PP;Cmpl;complement;NA;*;;location;location
467402;213515;-1;Isaiah;5;6;<LH;qal;<LH ;W <LH CMJR W CJT ;;;;;;;;;;;
467402;213515;728516;Isaiah;5;6;<LH;qal;;W ;phrase;;;CP;Conj;NA;NA;NA;;NA;NA
467402;213515;728517;Isaiah;5;6;<LH;qal;;<LH ;phrase;;;VP;Pred;core;regular;NA;;;
467402;213515;728518;Isaiah;5;6;<LH;qal;;CMJR W CJT ;phrase;;;NP;Subj;core;NA;subject;;;
467473;213810;-1;Isaiah;5;24;<LH;qal;J<LH ;W PRXM K  >BQ J<LH ;;;;;;;;;;;
467473;213810;728710;Isaiah;5;24;<LH;qal;;W ;phrase;;;CP;Conj;NA;NA;NA;;NA;NA
467473;213810;728711;Isaiah;5;24;<LH;qal;;PRXM ;phrase;;;NP;Subj;core;NA;subject;;;
467473;213810;728712;Isaiah;5;24;<LH;qal;;K  >BQ ;phrase;;;PP;Adju;adjunct;NA;NA;;;
467473;213810;728713;Isaiah;5;24;<LH;qal;;J<LH ;phrase;;;VP;Pred;core;regular;NA;;;
467576;214242;-1;Isaiah;7;1;<LH;qal;<LH ;<LH RYJN MLK >RM W PQX BN RMLJHW MLK JFR>L JRWCLM L  MLXMH <LJH ;;;;;;;;;;;
467576;214242;729000;Isaiah;7;1;<LH;qal;;<LH ;phrase;;;VP;Pred;core;regular;NA;;;
467576;214242;729001;Isaiah;7;1;<LH;qal;;RYJN MLK >RM W PQX BN RMLJHW MLK JFR>L ;phrase;;;PrNP;Subj;core;NA;subject;;;
467576;214242;729002;Isaiah;7;1;<LH;qal;;JRWCLM ;phrase;;;PrNP;Cmpl;complement;NA;*;;location;location
467576;214242;729003;Isaiah;7;1;<LH;qal;;L  MLXMH <LJH ;phrase;;;PP;Adju;adjunct;NA;NA;;;
467594;214354;-1;Isaiah;7;6;<LH;qal;N<LH ;N<LH B JHWDH ;;;;;;;;;;;
467594;214354;729052;Isaiah;7;6;<LH;qal;;N<LH ;phrase;;;VP;Pred;core;regular;NA;;;
467594;214354;729053;Isaiah;7;6;<LH;qal;;B JHWDH ;phrase;;;PP;Cmpl;complement;NA;*;;location;location
467683;214826;-1;Isaiah;8;7;<LH;hif;M<LH ;W LKN HNH >DNJ M<LH <LJHM >T MJ H NHR H <YWMJM W H RBJM >T MLK >CWR W >T KL KBWDW ;;;;;;;;;;;
467683;214826;729313;Isaiah;8;7;<LH;hif;;W ;phrase;;;CP;Conj;NA;NA;NA;;NA;NA
467683;214826;729314;Isaiah;8;7;<LH;hif;;LKN ;phrase;;;AdvP;Modi;NA;NA;NA;;NA;NA
467683;214826;729315;Isaiah;8;7;<LH;hif;;HNH ;phrase;;;InjP;Intj;NA;NA;NA;;NA;NA
467683;214826;729316;Isaiah;8;7;<LH;hif;;>DNJ ;phrase;;;PrNP;Subj;core;NA;subject;;;
467683;214826;729317;Isaiah;8;7;<LH;hif;;M<LH ;phrase;;;VP;PreC;core;regular;NA;;;
467683;214826;729318;Isaiah;8;7;<LH;hif;;<LJHM ;phrase;;;PP;Cmpl;complement;NA;*;;;
467683;214826;729319;Isaiah;8;7;<LH;hif;;>T MJ H NHR H <YWMJM W H RBJM >T MLK >CWR W >T KL KBWDW ;phrase;;;PP;Objc;complement;NA;direct_object;;;
467684;214845;-1;Isaiah;8;7;<LH;qal;<LH ;W <LH <L KL >PJQJW ;;;;;;;;;;;
467684;214845;729320;Isaiah;8;7;<LH;qal;;W ;phrase;;;CP;Conj;NA;NA;NA;;NA;NA
467684;214845;729321;Isaiah;8;7;<LH;qal;;<LH ;phrase;;;VP;Pred;core;regular;NA;;;
467684;214845;729322;Isaiah;8;7;<LH;qal;;<L KL >PJQJW ;phrase;;;PP;Cmpl;complement;NA;*;;;
468007;216393;-1;Isaiah;11;16;<LH;qal;<LTW ;<LTW M >RY MYRJM ;;;;;;;;;;;
468007;216393;730287;Isaiah;11;16;<LH;qal;;<LTW ;phrase;;;VP;PreS;core;regular;subject;;;
468007;216393;730288;Isaiah;11;16;<LH;qal;;M >RY MYRJM ;phrase;;;PP;Cmpl;complement;NA;*;;location;location
468132;216942;-1;Isaiah;14;8;<LH;qal;J<LH ;L> J<LH H KRT <LJNW ;;;;;;;;;;;
468132;216942;730644;Isaiah;14;8;<LH;qal;;L> ;phrase;;;NegP;Nega;NA;NA;NA;;NA;NA
468132;216942;730645;Isaiah;14;8;<LH;qal;;J<LH ;phrase;;;VP;Pred;core;regular;NA;;;
468132;216942;730646;Isaiah;14;8;<LH;qal;;H KRT ;phrase;;;NP;Subj;core;NA;subject;;;
468132;216942;730647;Isaiah;14;8;<LH;qal;;<LJNW ;phrase;;;PP;Cmpl;complement;NA;*;;;
468150;217009;-1;Isaiah;14;13;<LH;qal;><LH ;H CMJM ><LH ;;;;;;;;;;;
468150;217009;730689;Isaiah;14;13;<LH;qal;;H CMJM ;phrase;;;NP;Cmpl;complement;NA;*;;location;location
468150;217009;730690;Isaiah;14;13;<LH;qal;;><LH ;phrase;;;VP;Pred;core;regular;NA;;;
468153;217025;-1;Isaiah;14;14;<LH;qal;><LH ;><LH <L BMTJ <B ;;;;;;;;;;;
468153;217025;730697;Isaiah;14;14;<LH;qal;;><LH ;phrase;;;VP;Pred;core;regular;NA;;;
468153;217025;730698;Isaiah;14;14;<LH;qal;;<L BMTJ <B ;phrase;;;PP;Cmpl;complement;NA;*;;;
468233;217326;-1;Isaiah;15;2;<LH;qal;<LH ;<LH H BJT ;;;;;;;;;;;
468233;217326;730904;Isaiah;15;2;<LH;qal;;<LH ;phrase;;;VP;Pred;core;regular;NA;;;
468233;217326;730905;Isaiah;15;2;<LH;qal;;H BJT ;phrase;;;NP;Cmpl;complement;NA;*;;location;location
468248;217395;-1;Isaiah;15;5;<LH;qal;J<LH ;B BKJ J<LH BW ;;;;;;;;;;;
468248;217395;730944;Isaiah;15;5;<LH;qal;;B BKJ ;phrase;;;PP;Adju;adjunct;NA;NA;;;
468248;217395;730945;Isaiah;15;5;<LH;qal;;J<LH ;phrase;;;VP;Pred;core;regular;NA;;;
468248;217395;730946;Isaiah;15;5;<LH;qal;;BW ;phrase;;;PP;Cmpl;complement;NA;*;;location;location
468533;218745;-1;Isaiah;21;2;<LH;qal;<LJ ;<LJ ;;;;;;;;;;;
468533;218745;731739;Isaiah;21;2;<LH;qal;;<LJ ;phrase;;;VP;Pred;core;regular;NA;;;
468603;218977;-1;Isaiah;22;1;<LH;qal;<LJT ;KJ <LJT KLK L  GGWT ;;;;;;;;;;;
468603;218977;731883;Isaiah;22;1;<LH;qal;;KJ ;phrase;;;CP;Conj;NA;NA;NA;;NA;NA
468603;218977;731884;Isaiah;22;1;<LH;qal;;<LJT ;phrase;;;VP;Pred;core;regular;NA;;;
468603;218977;731885;Isaiah;22;1;<LH;qal;;KLK ;phrase;;;NP;Subj;core;NA;subject;;;
468603;218977;731886;Isaiah;22;1;<LH;qal;;L  GGWT ;phrase;;;PP;Cmpl;complement;NA;L_object;*;;
468838;219935;-1;Isaiah;24;18;<LH;qal;<WLH ;H <WLH M TWK H PXT ;;;;;;;;;;;
468838;219935;732470;Isaiah;24;18;<LH;qal;;H ;phrase;;;CP;Rela;NA;NA;NA;;NA;NA
468838;219935;732471;Isaiah;24;18;<LH;qal;;<WLH ;phrase;;;VP;PreC;core;regular;NA;;;
468838;219935;732472;Isaiah;24;18;<LH;qal;;M TWK H PXT ;phrase;;;PP;Cmpl;complement;NA;*;;;
469514;222816;-1;Isaiah;32;13;<LH;qal;T<LH ;QWY CMJR T<LH ;;;;;;;;;;;
469514;222816;734302;Isaiah;32;13;<LH;qal;;QWY CMJR ;phrase;;;NP;Subj;core;NA;subject;;;
469514;222816;734303;Isaiah;32;13;<LH;qal;;T<LH ;phrase;;;VP;Pred;core;regular;NA;;;
469656;223286;-1;Isaiah;34;3;<LH;qal;J<LH ;J<LH B>CM ;;;;;;;;;;;
469656;223286;734632;Isaiah;34;3;<LH;qal;;J<LH ;phrase;;;VP;Pred;core;regular;NA;;;
469656;223286;734633;Isaiah;34;3;<LH;qal;;B>CM ;phrase;;;NP;Subj;core;NA;subject;;;
469679;223415;-1;Isaiah;34;10;<LH;qal;J<LH ;L <WLM J<LH <CNH ;;;;;;;;;;;
469679;223415;734709;Isaiah;34;10;<LH;qal;;L <WLM ;phrase;;;PP;Time;adjunct;NA;NA;;time;time
469679;223415;734710;Isaiah;34;10;<LH;qal;;J<LH ;phrase;;;VP;Pred;core;regular;NA;;;
469679;223415;734711;Isaiah;34;10;<LH;qal;;<CNH ;phrase;;;NP;Subj;core;NA;subject;;;
469688;223459;-1;Isaiah;34;13;<LH;qal;<LTH ;W <LTH >RMNTJH SJRJM ;;;;;;;;;;;
469688;223459;734739;Isaiah;34;13;<LH;qal;;W ;phrase;;;CP;Conj;NA;NA;NA;;NA;NA
469688;223459;734740;Isaiah;34;13;<LH;qal;;<LTH ;phrase;;;VP;Pred;core;regular;NA;;;
469688;223459;734741;Isaiah;34;13;<LH;qal;;>RMNTJH ;phrase;;;NP;Objc;complement;NA;direct_object;;;
469688;223459;734742;Isaiah;34;13;<LH;qal;;SJRJM ;phrase;;;NP;Subj;core;NA;subject;;;
469746;223696;-1;Isaiah;35;9;<LH;qal;J<LNH ;W PRJY XJWT BL J<LNH ;;;;;;;;;;;
469746;223696;734903;Isaiah;35;9;<LH;qal;;W ;phrase;;;CP;Conj;NA;NA;NA;;NA;NA
469746;223696;734904;Isaiah;35;9;<LH;qal;;PRJY XJWT ;phrase;;;NP;Subj;core;NA;subject;;;
469746;223696;734905;Isaiah;35;9;<LH;qal;;BL ;phrase;;;NegP;Nega;NA;NA;NA;;NA;NA
469746;223696;734906;Isaiah;35;9;<LH;qal;;J<LNH ;phrase;;;VP;PreO;core;regular;direct_object;;;
469755;223736;-1;Isaiah;36;1;<LH;qal;<LH ;<LH SNXRJB MLK >CWR <L KL <RJ JHWDH H BYRWT ;;;;;;;;;;;
469755;223736;734931;Isaiah;36;1;<LH;qal;;<LH ;phrase;;;VP;Pred;core;regular;NA;;;
469755;223736;734932;Isaiah;36;1;<LH;qal;;SNXRJB MLK >CWR ;phrase;;;PrNP;Subj;core;NA;subject;;;
469755;223736;734933;Isaiah;36;1;<LH;qal;;<L KL <RJ JHWDH H BYRWT ;phrase;;;PP;Cmpl;complement;NA;*;;location;location
469790;223948;-1;Isaiah;36;10;<LH;qal;<LJTJ ;H M BL<DJ JHWH <LJTJ <L H >RY H Z>T ;;;;;;;;;;;
469790;223948;735037;Isaiah;36;10;<LH;qal;;H ;phrase;;;InrP;Ques;NA;NA;NA;;NA;NA
469790;223948;735038;Isaiah;36;10;<LH;qal;;M BL<DJ JHWH ;phrase;;;PP;Adju;adjunct;NA;NA;;;
469790;223948;735039;Isaiah;36;10;<LH;qal;;<LJTJ ;phrase;;;VP;Pred;core;regular;NA;;;
469790;223948;735040;Isaiah;36;10;<LH;qal;;<L H >RY H Z>T ;phrase;;;PP;Cmpl;complement;NA;*;;location;location
469790;223948;469791;Isaiah;36;10;<LH;qal;;L HCXJTH ;clause;InfC;Adju;;;NA;NA;;;;
469793;223959;-1;Isaiah;36;10;<LH;qal;<LH ;<LH >L H >RY H Z>T ;;;;;;;;;;;
469793;223959;735045;Isaiah;36;10;<LH;qal;;<LH ;phrase;;;VP;Pred;core;regular;NA;;;
469793;223959;735046;Isaiah;36;10;<LH;qal;;>L H >RY H Z>T ;phrase;;;PP;Cmpl;complement;NA;*;;location;location
469906;224523;-1;Isaiah;37;14;<LH;qal;J<L ;W J<L BJT JHWH ;;;;;;;;;;;
469906;224523;735376;Isaiah;37;14;<LH;qal;;W ;phrase;;;CP;Conj;NA;NA;NA;;NA;NA
469906;224523;735377;Isaiah;37;14;<LH;qal;;J<L ;phrase;;;VP;Pred;core;regular;NA;;;
469906;224523;735378;Isaiah;37;14;<LH;qal;;BJT JHWH ;phrase;;;NP;Cmpl;complement;NA;*;;location;location
469951;224707;-1;Isaiah;37;24;<LH;qal;<LJTJ ;B RB RKBJ >NJ <LJTJ MRWM HRJM JRKTJ LBNWN ;;;;;;;;;;;
469951;224707;735490;Isaiah;37;24;<LH;qal;;B RB RKBJ ;phrase;;;PP;Adju;adjunct;NA;NA;;;
469951;224707;735491;Isaiah;37;24;<LH;qal;;>NJ ;phrase;;;PPrP;Subj;core;NA;subject;;;
469951;224707;735492;Isaiah;37;24;<LH;qal;;<LJTJ ;phrase;;;VP;Pred;core;regular;NA;;;
469951;224707;735493;Isaiah;37;24;<LH;qal;;MRWM HRJM JRKTJ LBNWN ;phrase;;;NP;Cmpl;complement;NA;*;;location;location
469974;224796;-1;Isaiah;37;29;<LH;qal;<LH ;W C>NNK <LH B >ZNJ ;;;;;;;;;;;
469974;224796;735545;Isaiah;37;29;<LH;qal;;W ;phrase;;;CP;Conj;NA;NA;NA;;NA;NA
469974;224796;735546;Isaiah;37;29;<LH;qal;;C>NNK ;phrase;;;NP;Subj;core;NA;subject;;;
469974;224796;735547;Isaiah;37;29;<LH;qal;;<LH ;phrase;;;VP;Pred;core;regular;NA;;;
469974;224796;735548;Isaiah;37;29;<LH;qal;;B >ZNJ ;phrase;;;PP;Cmpl;complement;NA;*;;location;location
470102;225363;-1;Isaiah;38;22;<LH;qal;><LH ;KJ ><LH BJT JHWH ;;;;;;;;;;;
470102;225363;735913;Isaiah;38;22;<LH;qal;;KJ ;phrase;;;CP;Conj;NA;NA;NA;;NA;NA
470102;225363;735914;Isaiah;38;22;<LH;qal;;><LH ;phrase;;;VP;Pred;core;regular;NA;;;
470102;225363;735915;Isaiah;38;22;<LH;qal;;BJT JHWH ;phrase;;;NP;Cmpl;complement;NA;*;;location;location
470173;225682;-1;Isaiah;40;9;<LH;qal;<LJ ;<L HR GBH <LJ LK ;;;;;;;;;;;
470173;225682;736117;Isaiah;40;9;<LH;qal;;<L HR GBH ;phrase;;;PP;Cmpl;complement;NA;*;;location;location
470173;225682;736118;Isaiah;40;9;<LH;qal;;<LJ ;phrase;;;VP;Pred;core;regular;NA;;;
470173;225682;736119;Isaiah;40;9;<LH;qal;;LK ;phrase;;;PP;Supp;adjunct;NA;NA;;;benefactive
470268;226041;-1;Isaiah;40;31;<LH;hif;J<LW ;J<LW >BR K  NCRJM ;;;;;;;;;;;
470268;226041;736387;Isaiah;40;31;<LH;hif;;J<LW ;phrase;;;VP;Pred;core;regular;NA;;;
470268;226041;736388;Isaiah;40;31;<LH;hif;;>BR ;phrase;;;NP;Objc;complement;NA;direct_object;;;
470268;226041;736389;Isaiah;40;31;<LH;hif;;K  NCRJM ;phrase;;;PP;Adju;adjunct;NA;NA;;;
471634;230542;-1;Isaiah;53;2;<LH;qal;J<L ;W J<L K  JWNQ L PNJW ;;;;;;;;;;;
471634;230542;739786;Isaiah;53;2;<LH;qal;;W ;phrase;;;CP;Conj;NA;NA;NA;;NA;NA
471634;230542;739787;Isaiah;53;2;<LH;qal;;J<L ;phrase;;;VP;Pred;core;regular;NA;;;
471634;230542;739788;Isaiah;53;2;<LH;qal;;K  JWNQ ;phrase;;;PP;Adju;adjunct;NA;NA;;;
471634;230542;739789;Isaiah;53;2;<LH;qal;;L PNJW ;phrase;;;PP;Cmpl;complement;NA;*;;location;location
471829;231282;-1;Isaiah;55;13;<LH;qal;J<LH ;TXT H N<YWY J<LH BRWC ;;;;;;;;;;;
471829;231282;740319;Isaiah;55;13;<LH;qal;;TXT H N<YWY ;phrase;;;PP;Adju;adjunct;NA;NA;;;
471829;231282;740320;Isaiah;55;13;<LH;qal;;J<LH ;phrase;;;VP;Pred;core;regular;NA;;;
471829;231282;740321;Isaiah;55;13;<LH;qal;;BRWC ;phrase;;;NP;Subj;core;NA;subject;;;
471830;231288;-1;Isaiah;55;13;<LH;qal;J<LH ; TXT H SRPD J<LH HDS ;;;;;;;;;;;
471830;231288;740322;Isaiah;55;13;<LH;qal;; ;phrase;;;CP;Conj;NA;NA;NA;;NA;NA
471830;231288;740323;Isaiah;55;13;<LH;qal;;TXT H SRPD ;phrase;;;PP;Adju;adjunct;NA;NA;;;
471830;231288;740324;Isaiah;55;13;<LH;qal;;J<LH ;phrase;;;VP;Pred;core;regular;NA;;;
471830;231288;740325;Isaiah;55;13;<LH;qal;;HDS ;phrase;;;NP;Subj;core;NA;subject;;;
471927;231629;-1;Isaiah;57;6;<LH;hif;H<LJT ;H<LJT MNXH ;;;;;;;;;;;
471927;231629;740548;Isaiah;57;6;<LH;hif;;H<LJT ;phrase;;;VP;Pred;core;regular;NA;;;
471927;231629;740549;Isaiah;57;6;<LH;hif;;MNXH ;phrase;;;NP;Objc;complement;NA;direct_object;;;
471930;231644;-1;Isaiah;57;7;<LH;qal;<LJT ;GM CM <LJT ;;;;;;;;;;;
471930;231644;740556;Isaiah;57;7;<LH;qal;;GM CM ;phrase;;;AdvP;Loca;adjunct;NA;NA;;location;location
471930;231644;740557;Isaiah;57;7;<LH;qal;;<LJT ;phrase;;;VP;Pred;core;regular;NA;;;
471930;231644;471931;Isaiah;57;7;<LH;qal;;L ZBX ZBX ;clause;InfC;Adju;;;NA;NA;;;;
471934;231662;-1;Isaiah;57;8;<LH;qal;T<LJ ;W T<LJ ;;;;;;;;;;;
471934;231662;740567;Isaiah;57;8;<LH;qal;;W ;phrase;;;CP;Conj;NA;NA;NA;;NA;NA
471934;231662;740568;Isaiah;57;8;<LH;qal;;T<LJ ;phrase;;;VP;Pred;core;regular;NA;;;
472214;232714;-1;Isaiah;60;7;<LH;qal;J<LW ;J<LW <L RYWN MZBXJ ;;;;;;;;;;;
472214;232714;741340;Isaiah;60;7;<LH;qal;;J<LW ;phrase;;;VP;Pred;core;regular;NA;;;
472214;232714;741341;Isaiah;60;7;<LH;qal;;<L RYWN ;phrase;;;PP;Adju;adjunct;NA;NA;;;
472214;232714;741342;Isaiah;60;7;<LH;qal;;MZBXJ ;phrase;;;NP;Cmpl;complement;NA;*;;location;location
472434;233638;-1;Isaiah;63;11;<LH;hif;M<LM ;H M<LM M JM >T R<J Y>NW ;;;;;;;;;;;
472434;233638;741970;Isaiah;63;11;<LH;hif;;H ;phrase;;;CP;Rela;NA;NA;NA;;NA;NA
472434;233638;741971;Isaiah;63;11;<LH;hif;;M<LM ;phrase;;;VP;PtcO;core;regular;principal_direct_object;;;
472434;233638;741972;Isaiah;63;11;<LH;hif;;M JM ;phrase;;;PP;Cmpl;complement;NA;*;;location;location
472434;233638;741973;Isaiah;63;11;<LH;hif;;>T R<J Y>NW ;phrase;;;PP;Objc;complement;NA;NP_direct_object;;;
472598;234287;-1;Isaiah;65;17;<LH;qal;T<LJNH ;W L> T<LJNH <L LB ;;;;;;;;;;;
472598;234287;742431;Isaiah;65;17;<LH;qal;;W ;phrase;;;CP;Conj;NA;NA;NA;;NA;NA
472598;234287;742432;Isaiah;65;17;<LH;qal;;L> ;phrase;;;NegP;Nega;NA;NA;NA;;NA;NA
472598;234287;742433;Isaiah;65;17;<LH;qal;;T<LJNH ;phrase;;;VP;Pred;core;regular;NA;;;
472598;234287;742434;Isaiah;65;17;<LH;qal;;<L LB ;phrase;;;PP;Cmpl;complement;NA;*;;;
472652;234505;-1;Isaiah;66;3;<LH;hif;M<LH ;M<LH MNXH ;;;;;;;;;;;
472652;234505;742589;Isaiah;66;3;<LH;hif;;M<LH ;phrase;;;VP;PreC;core;regular;NA;;;
472652;234505;742590;Isaiah;66;3;<LH;hif;;MNXH ;phrase;;;NP;Objc;complement;NA;direct_object;;;
472869;235431;-1;Jeremiah;2;6;<LH;hif;M<LH ;H M<LH >TNW M >RY MYRJM ;;;;;;;;;;;
472869;235431;743163;Jeremiah;2;6;<LH;hif;;H ;phrase;;;CP;Rela;NA;NA;NA;;NA;NA
472869;235431;743164;Jeremiah;2;6;<LH;hif;;M<LH ;phrase;;;VP;PreC;core;regular;NA;;;
472869;235431;743165;Jeremiah;2;6;<LH;hif;;>TNW ;phrase;;;PP;Objc;complement;NA;direct_object;;;
472869;235431;743166;Jeremiah;2;6;<LH;hif;;M >RY MYRJM ;phrase;;;PP;Cmpl;complement;NA;*;;location;location
473102;236340;-1;Jeremiah;3;16;<LH;qal;J<LH ;W L> J<LH <L LB ;;;;;;;;;;;
473102;236340;743787;Jeremiah;3;16;<LH;qal;;W ;phrase;;;CP;Conj;NA;NA;NA;;NA;NA
473102;236340;743788;Jeremiah;3;16;<LH;qal;;L> ;phrase;;;NegP;Nega;NA;NA;NA;;NA;NA
473102;236340;743789;Jeremiah;3;16;<LH;qal;;J<LH ;phrase;;;VP;Pred;core;regular;NA;;;
473102;236340;743790;Jeremiah;3;16;<LH;qal;;<L LB ;phrase;;;PP;Cmpl;complement;NA;*;;;
473173;236656;-1;Jeremiah;4;7;<LH;qal;<LH ;<LH >RJH M SBKW ;;;;;;;;;;;
473173;236656;743983;Jeremiah;4;7;<LH;qal;;<LH ;phrase;;;VP;Pred;core;regular;NA;;;
473173;236656;743984;Jeremiah;4;7;<LH;qal;;>RJH ;phrase;;;NP;Subj;core;NA;subject;;;
473173;236656;743985;Jeremiah;4;7;<LH;qal;;M SBKW ;phrase;;;PP;Cmpl;complement;NA;*;;;
473202;236788;-1;Jeremiah;4;13;<LH;qal;J<LH ;HNH K <NNJM J<LH ;;;;;;;;;;;
473202;236788;744055;Jeremiah;4;13;<LH;qal;;HNH ;phrase;;;InjP;Intj;NA;NA;NA;;NA;NA
473202;236788;744056;Jeremiah;4;13;<LH;qal;;K <NNJM ;phrase;;;PP;Adju;adjunct;NA;NA;;;
473202;236788;744057;Jeremiah;4;13;<LH;qal;;J<LH ;phrase;;;VP;Pred;core;regular;NA;;;
473270;237043;-1;Jeremiah;4;29;<LH;qal;<LW ;W B  KPJM <LW ;;;;;;;;;;;
473270;237043;744231;Jeremiah;4;29;<LH;qal;;W ;phrase;;;CP;Conj;NA;NA;NA;;NA;NA
473270;237043;744232;Jeremiah;4;29;<LH;qal;;B  KPJM ;phrase;;;PP;Cmpl;complement;NA;*;;location;location
473270;237043;744233;Jeremiah;4;29;<LH;qal;;<LW ;phrase;;;VP;Pred;core;regular;NA;;;
473342;237266;-1;Jeremiah;5;10;<LH;qal;<LW ;<LW B CRWTJH ;;;;;;;;;;;
473342;237266;744409;Jeremiah;5;10;<LH;qal;;<LW ;phrase;;;VP;Pred;core;regular;NA;;;
473342;237266;744410;Jeremiah;5;10;<LH;qal;;B CRWTJH ;phrase;;;PP;Cmpl;complement;NA;*;;location;location
473459;237706;-1;Jeremiah;6;4;<LH;qal;N<LH ;W N<LH B  YHRJM ;;;;;;;;;;;
473459;237706;744722;Jeremiah;6;4;<LH;qal;;W ;phrase;;;CP;Conj;NA;NA;NA;;NA;NA
473459;237706;744723;Jeremiah;6;4;<LH;qal;;N<LH ;phrase;;;VP;Pred;core;regular;NA;;;
473459;237706;744724;Jeremiah;6;4;<LH;qal;;B  YHRJM ;phrase;;;PP;Time;adjunct;NA;NA;;time;time
473464;237722;-1;Jeremiah;6;5;<LH;qal;N<LH ;W N<LH B  LJLH ;;;;;;;;;;;
473464;237722;744734;Jeremiah;6;5;<LH;qal;;W ;phrase;;;CP;Conj;NA;NA;NA;;NA;NA
473464;237722;744735;Jeremiah;6;5;<LH;qal;;N<LH ;phrase;;;VP;Pred;core;regular;NA;;;
473464;237722;744736;Jeremiah;6;5;<LH;qal;;B  LJLH ;phrase;;;PP;Time;adjunct;NA;NA;;time;time
473724;238860;-1;Jeremiah;7;31;<LH;qal;<LTH ;W L> <LTH <L LBJ ;;;;;;;;;;;
473724;238860;745461;Jeremiah;7;31;<LH;qal;;W ;phrase;;;CP;Conj;NA;NA;NA;;NA;NA
473724;238860;745462;Jeremiah;7;31;<LH;qal;;L> ;phrase;;;NegP;Nega;NA;NA;NA;;NA;NA
473724;238860;745463;Jeremiah;7;31;<LH;qal;;<LTH ;phrase;;;VP;Pred;core;regular;NA;;;
473724;238860;745464;Jeremiah;7;31;<LH;qal;;<L LBJ ;phrase;;;PP;Cmpl;complement;NA;*;;;
473838;239376;-1;Jeremiah;8;22;<LH;qal;<LTH ;KJ MDW< L> <LTH >RKT BT <MJ ;;;;;;;;;;;
473838;239376;745774;Jeremiah;8;22;<LH;qal;;KJ ;phrase;;;CP;Conj;NA;NA;NA;;NA;NA
473838;239376;745775;Jeremiah;8;22;<LH;qal;;MDW< ;phrase;;;InrP;Ques;NA;NA;NA;;NA;NA
473838;239376;745776;Jeremiah;8;22;<LH;qal;;L> ;phrase;;;NegP;Nega;NA;NA;NA;;NA;NA
473838;239376;745777;Jeremiah;8;22;<LH;qal;;<LTH ;phrase;;;VP;Pred;core;regular;NA;;;
473838;239376;745778;Jeremiah;8;22;<LH;qal;;>RKT BT <MJ ;phrase;;;NP;Subj;core;NA;subject;;;
473930;239755;-1;Jeremiah;9;20;<LH;qal;<LH ;KJ <LH MWT B XLWNJNW ;;;;;;;;;;;
473930;239755;746043;Jeremiah;9;20;<LH;qal;;KJ ;phrase;;;CP;Conj;NA;NA;NA;;NA;NA
473930;239755;746044;Jeremiah;9;20;<LH;qal;;<LH ;phrase;;;VP;Pred;core;regular;NA;;;
473930;239755;746045;Jeremiah;9;20;<LH;qal;;MWT ;phrase;;;NP;Subj;core;NA;subject;;;
473930;239755;746046;Jeremiah;9;20;<LH;qal;;B XLWNJNW ;phrase;;;PP;Cmpl;complement;NA;*;;location;location
473930;239755;473932;Jeremiah;9;20;<LH;qal;;L HKRJT <WLL M XWY ;clause;InfC;Adju;;;NA;NA;;;;
474008;240103;-1;Jeremiah;10;13;<LH;hif;J<LH ;W J<LH NF>JM M QYH  >RY ;;;;;;;;;;;
474008;240103;746252;Jeremiah;10;13;<LH;hif;;W ;phrase;;;CP;Conj;NA;NA;NA;;NA;NA
474008;240103;746253;Jeremiah;10;13;<LH;hif;;J<LH ;phrase;;;VP;Pred;core;regular;NA;;;
474008;240103;746254;Jeremiah;10;13;<LH;hif;;NF>JM ;phrase;;;NP;Objc;complement;NA;direct_object;;;
474008;240103;746255;Jeremiah;10;13;<LH;hif;;M QYH  >RY ;phrase;;;PP;Cmpl;complement;NA;*;;location;location
474097;240460;-1;Jeremiah;11;7;<LH;hif;H<LWTJ ;H<LWTJ >WTM M >RY MYRJM ;;;;;;;;;;;
474097;240460;746484;Jeremiah;11;7;<LH;hif;;H<LWTJ ;phrase;;;VP;PreS;core;regular;subject;;;
474097;240460;746485;Jeremiah;11;7;<LH;hif;;>WTM ;phrase;;;PP;Objc;complement;NA;direct_object;;;
474097;240460;746486;Jeremiah;11;7;<LH;hif;;M >RY MYRJM ;phrase;;;PP;Cmpl;complement;NA;*;;location;location
474389;241700;-1;Jeremiah;14;2;<LH;qal;<LTH ;W YWXT JRWCLM <LTH ;;;;;;;;;;;
474389;241700;747289;Jeremiah;14;2;<LH;qal;;W ;phrase;;;CP;Conj;NA;NA;NA;;NA;NA
474389;241700;747290;Jeremiah;14;2;<LH;qal;;YWXT JRWCLM ;phrase;;;NP;Subj;core;NA;subject;;;
474389;241700;747291;Jeremiah;14;2;<LH;qal;;<LTH ;phrase;;;VP;Pred;core;regular;NA;;;
474439;241867;-1;Jeremiah;14;12;<LH;hif;J<LW ;W KJ J<LW <LH W MNXH ;;;;;;;;;;;
474439;241867;747417;Jeremiah;14;12;<LH;hif;;W ;phrase;;;CP;Conj;NA;NA;NA;;NA;NA
474439;241867;747418;Jeremiah;14;12;<LH;hif;;KJ ;phrase;;;CP;Conj;NA;NA;NA;;NA;NA
474439;241867;747419;Jeremiah;14;12;<LH;hif;;J<LW ;phrase;;;VP;Pred;core;regular;NA;;;
474439;241867;747420;Jeremiah;14;12;<LH;hif;;<LH W MNXH ;phrase;;;NP;Objc;complement;NA;direct_object;;;
474671;242947;-1;Jeremiah;16;14;<LH;hif;H<LH ;>CR H<LH >T BNJ JFR>L M >RY MYRJM ;;;;;;;;;;;
474671;242947;748098;Jeremiah;16;14;<LH;hif;;>CR ;phrase;;;CP;Rela;NA;NA;NA;;NA;NA
474671;242947;748099;Jeremiah;16;14;<LH;hif;;H<LH ;phrase;;;VP;Pred;core;regular;NA;;;
474671;242947;748100;Jeremiah;16;14;<LH;hif;;>T BNJ JFR>L ;phrase;;;PP;Objc;complement;NA;direct_object;;;
474671;242947;748101;Jeremiah;16;14;<LH;hif;;M >RY MYRJM ;phrase;;;PP;Cmpl;complement;NA;*;;location;location
474674;242959;-1;Jeremiah;16;15;<LH;hif;H<LH ;>CR H<LH >T BNJ JFR>L M >RY YPWN W M KL H >RYWT ;;;;;;;;;;;
474674;242959;748105;Jeremiah;16;15;<LH;hif;;>CR ;phrase;;;CP;Rela;NA;NA;NA;;NA;NA
474674;242959;748106;Jeremiah;16;15;<LH;hif;;H<LH ;phrase;;;VP;Pred;core;regular;NA;;;
474674;242959;748107;Jeremiah;16;15;<LH;hif;;>T BNJ JFR>L ;phrase;;;PP;Objc;complement;NA;direct_object;;;
474674;242959;748108;Jeremiah;16;15;<LH;hif;;M >RY YPWN W M KL H >RYWT ;phrase;;;PP;Cmpl;complement;NA;*;;location;location
474950;244240;-1;Jeremiah;19;5;<LH;qal;<LTH ;W L> <LTH <L LBJ ;;;;;;;;;;;
474950;244240;748888;Jeremiah;19;5;<LH;qal;;W ;phrase;;;CP;Conj;NA;NA;NA;;NA;NA
474950;244240;748889;Jeremiah;19;5;<LH;qal;;L> ;phrase;;;NegP;Nega;NA;NA;NA;;NA;NA
474950;244240;748890;Jeremiah;19;5;<LH;qal;;<LTH ;phrase;;;VP;Pred;core;regular;NA;;;
474950;244240;748891;Jeremiah;19;5;<LH;qal;;<L LBJ ;phrase;;;PP;Cmpl;complement;NA;*;;;
475092;244964;-1;Jeremiah;21;2;<LH;qal;J<LH ;W J<LH M <LJNW ;;;;;;;;;;;
475092;244964;749306;Jeremiah;21;2;<LH;qal;;W ;phrase;;;CP;Conj;NA;NA;NA;;NA;NA
475092;244964;749307;Jeremiah;21;2;<LH;qal;;J<LH ;phrase;;;VP;Pred;core;regular;NA;;;
475092;244964;749308;Jeremiah;21;2;<LH;qal;;M <LJNW ;phrase;;;PP;Cmpl;complement;NA;*;;;
475235;245700;-1;Jeremiah;22;20;<LH;qal;<LJ ;<LJ H LBNWN ;;;;;;;;;;;
475235;245700;749717;Jeremiah;22;20;<LH;qal;;<LJ ;phrase;;;VP;Pred;core;regular;NA;;;
475235;245700;749718;Jeremiah;22;20;<LH;qal;;H LBNWN ;phrase;;;PrNP;Cmpl;complement;NA;*;;location;location
475320;246048;-1;Jeremiah;23;7;<LH;hif;H<LH ;>CR H<LH >T BNJ JFR>L M >RY MYRJM ;;;;;;;;;;;
475320;246048;749956;Jeremiah;23;7;<LH;hif;;>CR ;phrase;;;CP;Rela;NA;NA;NA;;NA;NA
475320;246048;749957;Jeremiah;23;7;<LH;hif;;H<LH ;phrase;;;VP;Pred;core;regular;NA;;;
475320;246048;749958;Jeremiah;23;7;<LH;hif;;>T BNJ JFR>L ;phrase;;;PP;Objc;complement;NA;direct_object;;;
475320;246048;749959;Jeremiah;23;7;<LH;hif;;M >RY MYRJM ;phrase;;;PP;Cmpl;complement;NA;*;;location;location
475323;246060;-1;Jeremiah;23;8;<LH;hif;H<LH ;>CR H<LH ;;;;;;;;;;;
475323;246060;749963;Jeremiah;23;8;<LH;hif;;>CR ;phrase;;;CP;Rela;NA;NA;NA;;NA;NA
475323;246060;749964;Jeremiah;23;8;<LH;hif;;H<LH ;phrase;;;VP;Pred;core;regular;NA;;;
475702;248070;-1;Jeremiah;26;10;<LH;qal;J<LW ;W J<LW M BJT H MLK BJT JHWH ;;;;;;;;;;;
475702;248070;751020;Jeremiah;26;10;<LH;qal;;W ;phrase;;;CP;Conj;NA;NA;NA;;NA;NA
475702;248070;751021;Jeremiah;26;10;<LH;qal;;J<LW ;phrase;;;VP;Pred;core;regular;NA;;;
475702;248070;751022;Jeremiah;26;10;<LH;qal;;M BJT H MLK ;phrase;;;PP;Cmpl;complement;NA;*;;location;location
475702;248070;751023;Jeremiah;26;10;<LH;qal;;BJT JHWH ;phrase;;;NP;Cmpl;complement;NA;*;;location;location
475858;249032;-1;Jeremiah;27;22;<LH;hif;H<LJTJM ;W H<LJTJM ;;;;;;;;;;;
475858;249032;751489;Jeremiah;27;22;<LH;hif;;W ;phrase;;;CP;Conj;NA;NA;NA;;NA;NA
475858;249032;751490;Jeremiah;27;22;<LH;hif;;H<LJTJM ;phrase;;;VP;PreO;core;regular;direct_object;;;
476136;250494;-1;Jeremiah;30;17;<LH;hif;><LH ;KJ ><LH >RKH LK ;;;;;;;;;;;
476136;250494;752310;Jeremiah;30;17;<LH;hif;;KJ ;phrase;;;CP;Conj;NA;NA;NA;;NA;NA
476136;250494;752311;Jeremiah;30;17;<LH;hif;;><LH ;phrase;;;VP;Pred;core;regular;NA;;;
476136;250494;752312;Jeremiah;30;17;<LH;hif;;>RKH ;phrase;;;NP;Objc;complement;NA;direct_object;;;
476136;250494;752313;Jeremiah;30;17;<LH;hif;;LK ;phrase;;;PP;Cmpl;complement;NA;indirect_object;;;
476194;250713;-1;Jeremiah;31;6;<LH;qal;N<LH ;W N<LH YJWN >L JHWH >LHJNW ;;;;;;;;;;;
476194;250713;752472;Jeremiah;31;6;<LH;qal;;W ;phrase;;;CP;Conj;NA;NA;NA;;NA;NA
476194;250713;752473;Jeremiah;31;6;<LH;qal;;N<LH ;phrase;;;VP;Pred;core;regular;NA;;;
476194;250713;752474;Jeremiah;31;6;<LH;qal;;YJWN ;phrase;;;PrNP;Loca;adjunct;NA;NA;;location;location
476194;250713;752475;Jeremiah;31;6;<LH;qal;;>L JHWH >LHJNW ;phrase;;;PP;Cmpl;complement;NA;indirect_object;;;
476512;252288;-1;Jeremiah;32;35;<LH;qal;<LTH ;W L> <LTH <L LBJ ;;;;;;;;;;;
476512;252288;753359;Jeremiah;32;35;<LH;qal;;W ;phrase;;;CP;Conj;NA;NA;NA;;NA;NA
476512;252288;753360;Jeremiah;32;35;<LH;qal;;L> ;phrase;;;NegP;Nega;NA;NA;NA;;NA;NA
476512;252288;753361;Jeremiah;32;35;<LH;qal;;<LTH ;phrase;;;VP;Pred;core;regular;NA;;;
476512;252288;753362;Jeremiah;32;35;<LH;qal;;<L LBJ ;phrase;;;PP;Cmpl;complement;NA;*;;;
476571;252642;-1;Jeremiah;33;6;<LH;hif;M<LH ;HNNJ M<LH LH >RKH W MRP> ;;;;;;;;;;;
476571;252642;753536;Jeremiah;33;6;<LH;hif;;HNNJ ;phrase;;;InjP;IntS;core;NA;subject;;;
476571;252642;753537;Jeremiah;33;6;<LH;hif;;M<LH ;phrase;;;VP;PreC;core;regular;NA;;;
476571;252642;753538;Jeremiah;33;6;<LH;hif;;LH ;phrase;;;PP;Cmpl;complement;NA;indirect_object;;;
476571;252642;753539;Jeremiah;33;6;<LH;hif;;>RKH W MRP> ;phrase;;;NP;Objc;complement;NA;direct_object;;;
476620;252966;-1;Jeremiah;33;18;<LH;hif;M<LH ;M<LH <WLH ;;;;;;;;;;;
476620;252966;753691;Jeremiah;33;18;<LH;hif;;M<LH ;phrase;;;VP;PreC;core;regular;NA;;;
476620;252966;753692;Jeremiah;33;18;<LH;hif;;<WLH ;phrase;;;NP;Objc;complement;NA;direct_object;;;
476753;253690;-1;Jeremiah;34;21;<LH;qal;<LJM ;H <LJM M <LJKM ;;;;;;;;;;;
476753;253690;754083;Jeremiah;34;21;<LH;qal;;H ;phrase;;;CP;Rela;NA;NA;NA;;NA;NA
476753;253690;754084;Jeremiah;34;21;<LH;qal;;<LJM ;phrase;;;VP;PreC;core;regular;NA;;;
476753;253690;754085;Jeremiah;34;21;<LH;qal;;M <LJKM ;phrase;;;PP;Cmpl;complement;NA;*;;;
476799;253943;-1;Jeremiah;35;11;<LH;qal;<LWT ;B <LWT NBWKDR>YR MLK BBL >L H >RY ;;;;;;;;;;;
476799;253943;754221;Jeremiah;35;11;<LH;qal;;B <LWT ;phrase;;;VP;Pred;core;regular;NA;;;
476799;253943;754222;Jeremiah;35;11;<LH;qal;;NBWKDR>YR MLK BBL ;phrase;;;PrNP;Subj;core;NA;subject;;;
476799;253943;754223;Jeremiah;35;11;<LH;qal;;>L H >RY ;phrase;;;PP;Cmpl;complement;NA;*;;location;location
476991;255189;-1;Jeremiah;37;5;<LH;nif;J<LW ;W J<LW M <L JRWCLM ;;;;;;;;;;;
476991;255189;754843;Jeremiah;37;5;<LH;nif;;W ;phrase;;;CP;Conj;NA;NA;NA;;NA;NA
476991;255189;754844;Jeremiah;37;5;<LH;nif;;J<LW ;phrase;;;VP;Pred;core;regular;NA;;;
476991;255189;754845;Jeremiah;37;5;<LH;nif;;M <L JRWCLM ;phrase;;;PP;Cmpl;complement;NA;*;;location;location
477016;255297;-1;Jeremiah;37;11;<LH;nif;H<LWT ;B H<LWT XJL H KFDJM M <L JRWCLM M PNJ XJL PR<H ;;;;;;;;;;;
477016;255297;754915;Jeremiah;37;11;<LH;nif;;B H<LWT ;phrase;;;VP;Pred;core;regular;NA;;;
477016;255297;754916;Jeremiah;37;11;<LH;nif;;XJL H KFDJM ;phrase;;;NP;Subj;core;NA;subject;;;
477016;255297;754917;Jeremiah;37;11;<LH;nif;;M <L JRWCLM ;phrase;;;PP;Cmpl;complement;NA;*;;location;location
477016;255297;754918;Jeremiah;37;11;<LH;nif;;M PNJ XJL PR<H ;phrase;;;PP;Adju;adjunct;NA;NA;;;
477113;255861;-1;Jeremiah;38;10;<LH;hif;H<LJT ;W H<LJT >T JRMJHW H NBJ> MN H BWR ;;;;;;;;;;;
477113;255861;755218;Jeremiah;38;10;<LH;hif;;W ;phrase;;;CP;Conj;NA;NA;NA;;NA;NA
477113;255861;755219;Jeremiah;38;10;<LH;hif;;H<LJT ;phrase;;;VP;Pred;core;regular;NA;;;
477113;255861;755220;Jeremiah;38;10;<LH;hif;;>T JRMJHW H NBJ> ;phrase;;;PP;Objc;complement;NA;direct_object;;;
477113;255861;755221;Jeremiah;38;10;<LH;hif;;MN H BWR ;phrase;;;PP;Cmpl;complement;NA;*;;;
477123;255940;-1;Jeremiah;38;13;<LH;hif;J<LW ;W J<LW >TW MN H BWR ;;;;;;;;;;;
477123;255940;755258;Jeremiah;38;13;<LH;hif;;W ;phrase;;;CP;Conj;NA;NA;NA;;NA;NA
477123;255940;755259;Jeremiah;38;13;<LH;hif;;J<LW ;phrase;;;VP;Pred;core;regular;NA;;;
477123;255940;755260;Jeremiah;38;13;<LH;hif;;>TW ;phrase;;;PP;Objc;complement;NA;direct_object;;;
477123;255940;755261;Jeremiah;38;13;<LH;hif;;MN H BWR ;phrase;;;PP;Cmpl;complement;NA;*;;;
477218;256469;-1;Jeremiah;39;5;<LH;hif;J<LHW ;W J<LHW >L NBWKDR>YR MLK BBL RBLTH B >RY XMT ;;;;;;;;;;;
477218;256469;755574;Jeremiah;39;5;<LH;hif;;W ;phrase;;;CP;Conj;NA;NA;NA;;NA;NA
477218;256469;755575;Jeremiah;39;5;<LH;hif;;J<LHW ;phrase;;;VP;PreO;core;regular;direct_object;;;
477218;256469;755576;Jeremiah;39;5;<LH;hif;;>L NBWKDR>YR MLK BBL ;phrase;;;PP;Cmpl;complement;NA;*;;;
477218;256469;755577;Jeremiah;39;5;<LH;hif;;RBLTH B >RY XMT ;phrase;;;AdvP;Cmpl;complement;NA;*;;location;location
477712;259275;-1;Jeremiah;44;21;<LH;qal;T<LH ;W T<LH <L LBW ;;;;;;;;;;;
477712;259275;757059;Jeremiah;44;21;<LH;qal;;W ;phrase;;;CP;Conj;NA;NA;NA;;NA;NA
477712;259275;757060;Jeremiah;44;21;<LH;qal;;T<LH ;phrase;;;VP;Pred;core;regular;NA;;;
477712;259275;757061;Jeremiah;44;21;<LH;qal;;<L LBW ;phrase;;;PP;Cmpl;complement;NA;*;;;
477797;259741;-1;Jeremiah;46;4;<LH;qal;<LW ;W <LW ;;;;;;;;;;;
477797;259741;757310;Jeremiah;46;4;<LH;qal;;W ;phrase;;;CP;Conj;NA;NA;NA;;NA;NA
477797;259741;757311;Jeremiah;46;4;<LH;qal;;<LW ;phrase;;;VP;Pred;core;regular;NA;;;
477814;259796;-1;Jeremiah;46;7;<LH;qal;J<LH ;MJ ZH K  J>R J<LH ;;;;;;;;;;;
477814;259796;757349;Jeremiah;46;7;<LH;qal;;MJ ZH ;phrase;;;IPrP;Subj;core;NA;subject;;;
477814;259796;757350;Jeremiah;46;7;<LH;qal;;K  J>R ;phrase;;;PP;Adju;adjunct;NA;NA;;;
477814;259796;757351;Jeremiah;46;7;<LH;qal;;J<LH ;phrase;;;VP;Pred;core;regular;NA;;;
477816;259806;-1;Jeremiah;46;8;<LH;qal;J<LH ;MYRJM K  J>R J<LH ;;;;;;;;;;;
477816;259806;757355;Jeremiah;46;8;<LH;qal;;MYRJM ;phrase;;;PrNP;Subj;core;NA;subject;;;
477816;259806;757356;Jeremiah;46;8;<LH;qal;;K  J>R ;phrase;;;PP;Adju;adjunct;NA;NA;;;
477816;259806;757357;Jeremiah;46;8;<LH;qal;;J<LH ;phrase;;;VP;Pred;core;regular;NA;;;
477819;259815;-1;Jeremiah;46;8;<LH;qal;><LH ;><LH ;;;;;;;;;;;
477819;259815;757364;Jeremiah;46;8;<LH;qal;;><LH ;phrase;;;VP;Pred;core;regular;NA;;;
477823;259823;-1;Jeremiah;46;9;<LH;qal;<LW ;<LW ;;;;;;;;;;;
477823;259823;757372;Jeremiah;46;9;<LH;qal;;<LW ;phrase;;;VP;Pred;core;regular;NA;;;
477836;259880;-1;Jeremiah;46;11;<LH;qal;<LJ ;<LJ GL<D ;;;;;;;;;;;
477836;259880;757399;Jeremiah;46;11;<LH;qal;;<LJ ;phrase;;;VP;Pred;core;regular;NA;;;
477836;259880;757400;Jeremiah;46;11;<LH;qal;;GL<D ;phrase;;;PrNP;Cmpl;complement;NA;*;;location;location
477921;260245;-1;Jeremiah;47;2;<LH;qal;<LJM ;HNH MJM <LJM M YPWN ;;;;;;;;;;;
477921;260245;757625;Jeremiah;47;2;<LH;qal;;HNH ;phrase;;;InjP;Intj;NA;NA;NA;;NA;NA
477921;260245;757626;Jeremiah;47;2;<LH;qal;;MJM ;phrase;;;NP;Subj;core;NA;subject;;;
477921;260245;757627;Jeremiah;47;2;<LH;qal;;<LJM ;phrase;;;VP;PreC;core;regular;NA;;;
477921;260245;757628;Jeremiah;47;2;<LH;qal;;M YPWN ;phrase;;;PP;Cmpl;complement;NA;*;;location;location
477965;260419;-1;Jeremiah;48;5;<LH;qal;J<LH ;KJ M<LH H LXWT B BKJ J<LH BKJ ;;;;;;;;;;;
477965;260419;757727;Jeremiah;48;5;<LH;qal;;KJ ;phrase;;;CP;Conj;NA;NA;NA;;NA;NA
477965;260419;757728;Jeremiah;48;5;<LH;qal;;M<LH H LXWT ;phrase;;;NP;Loca;adjunct;NA;NA;;location;location
477965;260419;757729;Jeremiah;48;5;<LH;qal;;B BKJ ;phrase;;;PP;Adju;adjunct;NA;NA;;;
477965;260419;757730;Jeremiah;48;5;<LH;qal;;J<LH ;phrase;;;VP;Pred;core;regular;NA;;;
477965;260419;757731;Jeremiah;48;5;<LH;qal;;BKJ ;phrase;;;NP;Subj;core;NA;subject;;;
478005;260584;-1;Jeremiah;48;15;<LH;qal;<LH ;W <RJH <LH ;;;;;;;;;;;
478005;260584;757847;Jeremiah;48;15;<LH;qal;;W ;phrase;;;CP;Conj;NA;NA;NA;;NA;NA
478005;260584;757848;Jeremiah;48;15;<LH;qal;;<RJH ;phrase;;;NP;Cmpl;complement;NA;*;;location;location
478005;260584;757849;Jeremiah;48;15;<LH;qal;;<LH ;phrase;;;VP;Pred;core;regular;NA;;;
478020;260636;-1;Jeremiah;48;18;<LH;qal;<LH ;KJ CDD MW>B <LH BK ;;;;;;;;;;;
478020;260636;757879;Jeremiah;48;18;<LH;qal;;KJ ;phrase;;;CP;Conj;NA;NA;NA;;NA;NA
478020;260636;757880;Jeremiah;48;18;<LH;qal;;CDD MW>B ;phrase;;;NP;Subj;core;NA;subject;;;
478020;260636;757881;Jeremiah;48;18;<LH;qal;;<LH ;phrase;;;VP;Pred;core;regular;NA;;;
478020;260636;757882;Jeremiah;48;18;<LH;qal;;BK ;phrase;;;PP;Cmpl;complement;NA;*;;location;location
478077;260887;-1;Jeremiah;48;35;<LH;hif;M<LH ;M<LH BMH ;;;;;;;;;;;
478077;260887;758022;Jeremiah;48;35;<LH;hif;;M<LH ;phrase;;;VP;PreC;core;regular;NA;;;
478077;260887;758023;Jeremiah;48;35;<LH;hif;;BMH ;phrase;;;NP;Objc;complement;NA;direct_object;;;
478110;261035;-1;Jeremiah;48;44;<LH;qal;<LH ;H <LH MN H PXT ;;;;;;;;;;;
478110;261035;758113;Jeremiah;48;44;<LH;qal;;H ;phrase;;;CP;Rela;NA;NA;NA;;NA;NA
478110;261035;758114;Jeremiah;48;44;<LH;qal;;<LH ;phrase;;;VP;PreC;core;regular;NA;;;
478110;261035;758115;Jeremiah;48;44;<LH;qal;;MN H PXT ;phrase;;;PP;Cmpl;complement;NA;*;;;
478221;261454;-1;Jeremiah;49;19;<LH;qal;J<LH ;HNH K >RJH J<LH M G>WN H JRDN >L NWH >JTN ;;;;;;;;;;;
478221;261454;758398;Jeremiah;49;19;<LH;qal;;HNH ;phrase;;;InjP;Intj;NA;NA;NA;;NA;NA
478221;261454;758399;Jeremiah;49;19;<LH;qal;;K >RJH ;phrase;;;PP;Adju;adjunct;NA;NA;;;
478221;261454;758400;Jeremiah;49;19;<LH;qal;;J<LH ;phrase;;;VP;Pred;core;regular;NA;;;
478221;261454;758401;Jeremiah;49;19;<LH;qal;;M G>WN H JRDN ;phrase;;;PP;Cmpl;complement;NA;*;;location;location
478221;261454;758402;Jeremiah;49;19;<LH;qal;;>L NWH >JTN ;phrase;;;PP;Cmpl;complement;NA;*;;;
478239;261528;-1;Jeremiah;49;22;<LH;qal;J<LH ;HNH K  NCR J<LH ;;;;;;;;;;;
478239;261528;758449;Jeremiah;49;22;<LH;qal;;HNH ;phrase;;;InjP;Intj;NA;NA;NA;;NA;NA
478239;261528;758450;Jeremiah;49;22;<LH;qal;;K  NCR ;phrase;;;PP;Adju;adjunct;NA;NA;;;
478239;261528;758451;Jeremiah;49;22;<LH;qal;;J<LH ;phrase;;;VP;Pred;core;regular;NA;;;
478266;261634;-1;Jeremiah;49;28;<LH;qal;<LW ;<LW >L QDR ;;;;;;;;;;;
478266;261634;758514;Jeremiah;49;28;<LH;qal;;<LW ;phrase;;;VP;Pred;core;regular;NA;;;
478266;261634;758515;Jeremiah;49;28;<LH;qal;;>L QDR ;phrase;;;PP;Cmpl;complement;NA;*;;;
478281;261682;-1;Jeremiah;49;31;<LH;qal;<LW ;<LW >L GWJ CLJW ;;;;;;;;;;;
478281;261682;758546;Jeremiah;49;31;<LH;qal;;<LW ;phrase;;;VP;Pred;core;regular;NA;;;
478281;261682;758547;Jeremiah;49;31;<LH;qal;;>L GWJ CLJW ;phrase;;;PP;Cmpl;complement;NA;indirect_object;;;
478329;261898;-1;Jeremiah;50;3;<LH;qal;<LH ;KJ <LH <LJH GWJ M YPWN ;;;;;;;;;;;
478329;261898;758677;Jeremiah;50;3;<LH;qal;;KJ ;phrase;;;CP;Conj;NA;NA;NA;;NA;NA
478329;261898;758678;Jeremiah;50;3;<LH;qal;;<LH ;phrase;;;VP;Pred;core;regular;NA;;;
478329;261898;758679;Jeremiah;50;3;<LH;qal;;<LJH ;phrase;;;PP;Cmpl;complement;NA;*;;;
478329;261898;758680;Jeremiah;50;3;<LH;qal;;GWJ ;phrase;;;NP;Subj;core;NA;subject;;;
478329;261898;758681;Jeremiah;50;3;<LH;qal;;M YPWN ;phrase;;;PP;Cmpl;complement;NA;*;;location;location
478357;262020;-1;Jeremiah;50;9;<LH;hif;M<LH ;W M<LH <L BBL QHL GWJM GDLJM M >RY YPWN ;;;;;;;;;;;
478357;262020;758750;Jeremiah;50;9;<LH;hif;;W ;phrase;;;CP;Conj;NA;NA;NA;;NA;NA
478357;262020;758751;Jeremiah;50;9;<LH;hif;;M<LH ;phrase;;;VP;PreC;core;regular;NA;;;
478357;262020;758752;Jeremiah;50;9;<LH;hif;;<L BBL ;phrase;;;PP;Cmpl;complement;NA;*;;location;location
478357;262020;758753;Jeremiah;50;9;<LH;hif;;QHL GWJM GDLJM ;phrase;;;NP;Objc;complement;NA;direct_object;;;
478357;262020;758754;Jeremiah;50;9;<LH;hif;;M >RY YPWN ;phrase;;;PP;Cmpl;complement;NA;*;;location;location
478419;262256;-1;Jeremiah;50;21;<LH;qal;<LH ;<LH <LJH W >L JWCBJ PQWD ;;;;;;;;;;;
478419;262256;758896;Jeremiah;50;21;<LH;qal;;<LH ;phrase;;;VP;Pred;core;regular;NA;;;
478419;262256;758897;Jeremiah;50;21;<LH;qal;;<LJH W >L JWCBJ PQWD ;phrase;;;PP;Cmpl;complement;NA;*;;location;location
478520;262664;-1;Jeremiah;50;44;<LH;qal;J<LH ;HNH K >RJH J<LH M G>WN H JRDN >L NWH >JTN ;;;;;;;;;;;
478520;262664;759152;Jeremiah;50;44;<LH;qal;;HNH ;phrase;;;InjP;Intj;NA;NA;NA;;NA;NA
478520;262664;759153;Jeremiah;50;44;<LH;qal;;K >RJH ;phrase;;;PP;Adju;adjunct;NA;NA;;;
478520;262664;759154;Jeremiah;50;44;<LH;qal;;J<LH ;phrase;;;VP;Pred;core;regular;NA;;;
478520;262664;759155;Jeremiah;50;44;<LH;qal;;M G>WN H JRDN ;phrase;;;PP;Cmpl;complement;NA;*;;location;location
478520;262664;759156;Jeremiah;50;44;<LH;qal;;>L NWH >JTN ;phrase;;;PP;Cmpl;complement;NA;*;;;
478547;262775;-1;Jeremiah;51;3;<LH;hit;JT<L ;W >L JT<L B SRJNW ;;;;;;;;;;;
478547;262775;759232;Jeremiah;51;3;<LH;hit;;W ;phrase;;;CP;Conj;NA;NA;NA;;NA;NA
478547;262775;759233;Jeremiah;51;3;<LH;hit;;>L JT<L ;phrase;;;VP;Pred;core;regular;NA;;;
478547;262775;759234;Jeremiah;51;3;<LH;hit;;B SRJNW ;phrase;;;PP;Cmpl;complement;NA;*;;location;location
478604;262999;-1;Jeremiah;51;16;<LH;hif;J<L ;W J<L NF>JM M QYH >RY ;;;;;;;;;;;
478604;262999;759383;Jeremiah;51;16;<LH;hif;;W ;phrase;;;CP;Conj;NA;NA;NA;;NA;NA
478604;262999;759384;Jeremiah;51;16;<LH;hif;;J<L ;phrase;;;VP;Pred;core;regular;NA;;;
478604;262999;759385;Jeremiah;51;16;<LH;hif;;NF>JM ;phrase;;;NP;Objc;complement;NA;direct_object;;;
478604;262999;759386;Jeremiah;51;16;<LH;hif;;M QYH >RY ;phrase;;;PP;Cmpl;complement;NA;*;;location;location
478648;263204;-1;Jeremiah;51;27;<LH;hif;H<LW ;H<LW SWS K JLQ SMR ;;;;;;;;;;;
478648;263204;759516;Jeremiah;51;27;<LH;hif;;H<LW ;phrase;;;VP;Pred;core;regular;NA;;;
478648;263204;759517;Jeremiah;51;27;<LH;hif;;SWS ;phrase;;;NP;Objc;complement;NA;direct_object;;;
478648;263204;759518;Jeremiah;51;27;<LH;hif;;K JLQ SMR ;phrase;;;PP;Adju;adjunct;NA;NA;;;
478707;263442;-1;Jeremiah;51;42;<LH;qal;<LH ;<LH <L BBL H JM ;;;;;;;;;;;
478707;263442;759660;Jeremiah;51;42;<LH;qal;;<LH ;phrase;;;VP;Pred;core;regular;NA;;;
478707;263442;759661;Jeremiah;51;42;<LH;qal;;<L BBL ;phrase;;;PP;Cmpl;complement;NA;*;;location;location
478707;263442;759662;Jeremiah;51;42;<LH;qal;;H JM ;phrase;;;NP;Subj;core;NA;subject;;;
478742;263609;-1;Jeremiah;51;50;<LH;qal;T<LH ;W JRWCLM T<LH <L LBBKM ;;;;;;;;;;;
478742;263609;759764;Jeremiah;51;50;<LH;qal;;W ;phrase;;;CP;Conj;NA;NA;NA;;NA;NA
478742;263609;759765;Jeremiah;51;50;<LH;qal;;JRWCLM ;phrase;;;PrNP;Subj;core;NA;subject;;;
478742;263609;759766;Jeremiah;51;50;<LH;qal;;T<LH ;phrase;;;VP;Pred;core;regular;NA;;;
478742;263609;759767;Jeremiah;51;50;<LH;qal;;<L LBBKM ;phrase;;;PP;Cmpl;complement;NA;*;;;
478751;263643;-1;Jeremiah;51;53;<LH;qal;T<LH ;KJ T<LH BBL H CMJM ;;;;;;;;;;;
478751;263643;759791;Jeremiah;51;53;<LH;qal;;KJ ;phrase;;;CP;Conj;NA;NA;NA;;NA;NA
478751;263643;759792;Jeremiah;51;53;<LH;qal;;T<LH ;phrase;;;VP;Pred;core;regular;NA;;;
478751;263643;759793;Jeremiah;51;53;<LH;qal;;BBL ;phrase;;;PrNP;Subj;core;NA;subject;;;
478751;263643;759794;Jeremiah;51;53;<LH;qal;;H CMJM ;phrase;;;NP;Cmpl;complement;NA;*;;location;location
478834;264096;-1;Jeremiah;52;9;<LH;hif;J<LW ;W J<LW >TW >L MLK BBL RBLTH B >RY XMT ;;;;;;;;;;;
478834;264096;760038;Jeremiah;52;9;<LH;hif;;W ;phrase;;;CP;Conj;NA;NA;NA;;NA;NA
478834;264096;760039;Jeremiah;52;9;<LH;hif;;J<LW ;phrase;;;VP;Pred;core;regular;NA;;;
478834;264096;760040;Jeremiah;52;9;<LH;hif;;>TW ;phrase;;;PP;Objc;complement;NA;direct_object;;;
478834;264096;760041;Jeremiah;52;9;<LH;hif;;>L MLK BBL ;phrase;;;PP;Cmpl;complement;NA;*;;;
478834;264096;760042;Jeremiah;52;9;<LH;hif;;RBLTH B >RY XMT ;phrase;;;AdvP;Loca;adjunct;NA;NA;;location;location
479607;267886;-1;Ezekiel;8;11;<LH;qal;<LH ;W <TR <NN H QVRT <LH ;;;;;;;;;;;
479607;267886;762311;Ezekiel;8;11;<LH;qal;;W ;phrase;;;CP;Conj;NA;NA;NA;;NA;NA
479607;267886;762312;Ezekiel;8;11;<LH;qal;;<TR <NN H QVRT ;phrase;;;NP;Subj;core;NA;subject;;;
479607;267886;762313;Ezekiel;8;11;<LH;qal;;<LH ;phrase;;;VP;PreC;core;regular;NA;;;
479664;268126;-1;Ezekiel;9;3;<LH;nif;N<LH ;W KBWD >LHJ JFR>L N<LH M <L H KRWB >L MPTN H BJT ;;;;;;;;;;;
479664;268126;762465;Ezekiel;9;3;<LH;nif;;W ;phrase;;;CP;Conj;NA;NA;NA;;NA;NA
479664;268126;762466;Ezekiel;9;3;<LH;nif;;KBWD >LHJ JFR>L ;phrase;;;NP;Subj;core;NA;subject;;;
479664;268126;762467;Ezekiel;9;3;<LH;nif;;N<LH ;phrase;;;VP;Pred;core;regular;NA;;;
479664;268126;762468;Ezekiel;9;3;<LH;nif;;M <L H KRWB ;phrase;;;PP;Cmpl;complement;NA;*;;;
479664;268126;762472;Ezekiel;9;3;<LH;nif;;>L MPTN H BJT ;phrase;;;PP;Cmpl;complement;NA;*;;location;location
479910;269263;-1;Ezekiel;11;23;<LH;qal;J<L ;W J<L KBWD JHWH M <L TWK H <JR ;;;;;;;;;;;
479910;269263;763154;Ezekiel;11;23;<LH;qal;;W ;phrase;;;CP;Conj;NA;NA;NA;;NA;NA
479910;269263;763155;Ezekiel;11;23;<LH;qal;;J<L ;phrase;;;VP;Pred;core;regular;NA;;;
479910;269263;763156;Ezekiel;11;23;<LH;qal;;KBWD JHWH ;phrase;;;NP;Subj;core;NA;subject;;;
479910;269263;763157;Ezekiel;11;23;<LH;qal;;M <L TWK H <JR ;phrase;;;PP;Cmpl;complement;NA;*;;location;location
479915;269298;-1;Ezekiel;11;24;<LH;qal;J<L ;W J<L M <LJ H MR>H ;;;;;;;;;;;
479915;269298;763171;Ezekiel;11;24;<LH;qal;;W ;phrase;;;CP;Conj;NA;NA;NA;;NA;NA
479915;269298;763172;Ezekiel;11;24;<LH;qal;;J<L ;phrase;;;VP;Pred;core;regular;NA;;;
479915;269298;763173;Ezekiel;11;24;<LH;qal;;M <LJ ;phrase;;;PP;Cmpl;complement;NA;*;;;
479915;269298;763174;Ezekiel;11;24;<LH;qal;;H MR>H ;phrase;;;NP;Subj;core;NA;subject;;;
480059;269911;-1;Ezekiel;13;5;<LH;qal;<LJTM ;L> <LJTM B  PRYWT ;;;;;;;;;;;
480059;269911;763573;Ezekiel;13;5;<LH;qal;;L> ;phrase;;;NegP;Nega;NA;NA;NA;;NA;NA
480059;269911;763574;Ezekiel;13;5;<LH;qal;;<LJTM ;phrase;;;VP;Pred;core;regular;NA;;;
480059;269911;763575;Ezekiel;13;5;<LH;qal;;B  PRYWT ;phrase;;;PP;Cmpl;complement;NA;*;;location;location
480175;270371;-1;Ezekiel;14;3;<LH;hif;H<LW ;H >NCJM H >LH H<LW GLWLJHM <L LBM ;;;;;;;;;;;
480175;270371;763906;Ezekiel;14;3;<LH;hif;;H >NCJM H >LH ;phrase;;;NP;Subj;core;NA;subject;;;
480175;270371;763907;Ezekiel;14;3;<LH;hif;;H<LW ;phrase;;;VP;Pred;core;regular;NA;;;
480175;270371;763908;Ezekiel;14;3;<LH;hif;;GLWLJHM ;phrase;;;NP;Objc;complement;NA;direct_object;;;
480175;270371;763909;Ezekiel;14;3;<LH;hif;;<L LBM ;phrase;;;PP;Adju;adjunct;NA;NA;;;
480182;270401;-1;Ezekiel;14;4;<LH;hif;J<LH ;>CR J<LH >T GLWLJW >L LBW ;;;;;;;;;;;
480182;270401;763929;Ezekiel;14;4;<LH;hif;;>CR ;phrase;;;CP;Rela;NA;NA;NA;;NA;NA
480182;270401;763930;Ezekiel;14;4;<LH;hif;;J<LH ;phrase;;;VP;Pred;core;regular;NA;;;
480182;270401;763931;Ezekiel;14;4;<LH;hif;;>T GLWLJW ;phrase;;;PP;Objc;complement;NA;direct_object;;;
480182;270401;763932;Ezekiel;14;4;<LH;hif;;>L LBW ;phrase;;;PP;Cmpl;complement;NA;*;;;
480197;270480;-1;Ezekiel;14;7;<LH;hif;J<L ;W J<L GLWLJW >L LBW ;;;;;;;;;;;
480197;270480;763975;Ezekiel;14;7;<LH;hif;;W ;phrase;;;CP;Conj;NA;NA;NA;;NA;NA
480197;270480;763976;Ezekiel;14;7;<LH;hif;;J<L ;phrase;;;VP;Pred;core;regular;NA;;;
480197;270480;763977;Ezekiel;14;7;<LH;hif;;GLWLJW ;phrase;;;NP;Objc;complement;NA;direct_object;;;
480197;270480;763978;Ezekiel;14;7;<LH;hif;;>L LBW ;phrase;;;PP;Cmpl;complement;NA;*;;;
480475;271718;-1;Ezekiel;16;40;<LH;hif;H<LW ;W H<LW <LJK QHL ;;;;;;;;;;;
480475;271718;764803;Ezekiel;16;40;<LH;hif;;W ;phrase;;;CP;Conj;NA;NA;NA;;NA;NA
480475;271718;764804;Ezekiel;16;40;<LH;hif;;H<LW ;phrase;;;VP;Pred;core;regular;NA;;;
480475;271718;764805;Ezekiel;16;40;<LH;hif;;<LJK ;phrase;;;PP;Cmpl;complement;NA;*;;;
480475;271718;764806;Ezekiel;16;40;<LH;hif;;QHL ;phrase;;;NP;Objc;complement;NA;direct_object;;;
480857;273324;-1;Ezekiel;19;3;<LH;hif;T<L ;W T<L >XD M GRJH ;;;;;;;;;;;
480857;273324;765890;Ezekiel;19;3;<LH;hif;;W ;phrase;;;CP;Conj;NA;NA;NA;;NA;NA
480857;273324;765891;Ezekiel;19;3;<LH;hif;;T<L ;phrase;;;VP;Pred;core;regular;NA;;;
480857;273324;765892;Ezekiel;19;3;<LH;hif;;>XD M GRJH ;phrase;;;NP;Objc;complement;NA;direct_object;;;
481066;274221;-1;Ezekiel;20;32;<LH;qal;<LH ;H <LH <L RWXKM ;;;;;;;;;;;
481066;274221;766501;Ezekiel;20;32;<LH;qal;;H ;phrase;;;CP;Rela;NA;NA;NA;;NA;NA
481066;274221;766502;Ezekiel;20;32;<LH;qal;;<LH ;phrase;;;VP;PreC;core;regular;NA;;;
481066;274221;766503;Ezekiel;20;32;<LH;qal;;<L RWXKM ;phrase;;;PP;Cmpl;complement;NA;*;;;
481612;276483;-1;Ezekiel;23;46;<LH;hif;H<LH ;H<LH <LJHM QHL ;;;;;;;;;;;
481612;276483;767983;Ezekiel;23;46;<LH;hif;;H<LH ;phrase;;;VP;Pred;core;regular;NA;;;
481612;276483;767984;Ezekiel;23;46;<LH;hif;;<LJHM ;phrase;;;PP;Cmpl;complement;NA;*;;;
481612;276483;767985;Ezekiel;23;46;<LH;hif;;QHL ;phrase;;;NP;Objc;complement;NA;direct_object;;;
481655;276690;-1;Ezekiel;24;8;<LH;hif;H<LWT ;L H<LWT XMH ;;;;;;;;;;;
481655;276690;768114;Ezekiel;24;8;<LH;hif;;L H<LWT ;phrase;;;VP;Pred;core;regular;NA;;;
481655;276690;768115;Ezekiel;24;8;<LH;hif;;XMH ;phrase;;;NP;Objc;complement;NA;principal_direct_object;;;
481655;276690;481656;Ezekiel;24;8;<LH;hif;;L NQM NQM ;clause;InfC;Adju;;;NA;NA;infinitive_object;;;
481835;277429;-1;Ezekiel;26;3;<LH;hif;H<LJTJ ;W H<LJTJ <LJK GWJM RBJM ;;;;;;;;;;;
481835;277429;768603;Ezekiel;26;3;<LH;hif;;W ;phrase;;;CP;Conj;NA;NA;NA;;NA;NA
481835;277429;768604;Ezekiel;26;3;<LH;hif;;H<LJTJ ;phrase;;;VP;Pred;core;regular;NA;;;
481835;277429;768605;Ezekiel;26;3;<LH;hif;;<LJK ;phrase;;;PP;Cmpl;complement;NA;*;;;
481835;277429;768606;Ezekiel;26;3;<LH;hif;;GWJM RBJM ;phrase;;;NP;Objc;complement;NA;direct_object;;;
481835;277429;481836;Ezekiel;26;3;<LH;hif;;K H<LWT H JM L GLJW ;clause;InfC;Adju;;;NA;NA;;;;
481836;277434;-1;Ezekiel;26;3;<LH;hif;H<LWT ;K H<LWT H JM L GLJW ;;;;;;;;;;;
481836;277434;768607;Ezekiel;26;3;<LH;hif;;K H<LWT ;phrase;;;VP;Pred;core;regular;NA;;;
481836;277434;768608;Ezekiel;26;3;<LH;hif;;H JM ;phrase;;;NP;Subj;core;NA;subject;;;
481836;277434;768609;Ezekiel;26;3;<LH;hif;;L GLJW ;phrase;;;PP;Cmpl;complement;NA;L_object;*;;
481903;277760;-1;Ezekiel;26;19;<LH;hif;H<LWT ;B H<LWT <LJK >T THWM ;;;;;;;;;;;
481903;277760;768808;Ezekiel;26;19;<LH;hif;;B H<LWT ;phrase;;;VP;Pred;core;regular;NA;;;
481903;277760;768809;Ezekiel;26;19;<LH;hif;;<LJK ;phrase;;;PP;Cmpl;complement;NA;*;;;
481903;277760;768810;Ezekiel;26;19;<LH;hif;;>T THWM ;phrase;;;PP;Objc;complement;NA;direct_object;;;
481994;278261;-1;Ezekiel;27;30;<LH;hif;J<LW ;W J<LW <PR <L R>CJHM ;;;;;;;;;;;
481994;278261;769052;Ezekiel;27;30;<LH;hif;;W ;phrase;;;CP;Conj;NA;NA;NA;;NA;NA
481994;278261;769053;Ezekiel;27;30;<LH;hif;;J<LW ;phrase;;;VP;Pred;core;regular;NA;;;
481994;278261;769054;Ezekiel;27;30;<LH;hif;;<PR ;phrase;;;NP;Objc;complement;NA;direct_object;;;
481994;278261;769055;Ezekiel;27;30;<LH;hif;;<L R>CJHM ;phrase;;;PP;Cmpl;complement;NA;*;;;
482141;278896;-1;Ezekiel;29;4;<LH;hif;H<LJTJK ;W H<LJTJK M TWK J>RJK ;;;;;;;;;;;
482141;278896;769457;Ezekiel;29;4;<LH;hif;;W ;phrase;;;CP;Conj;NA;NA;NA;;NA;NA
482141;278896;769458;Ezekiel;29;4;<LH;hif;;H<LJTJK ;phrase;;;VP;PreO;core;regular;direct_object;;;
482141;278896;769459;Ezekiel;29;4;<LH;hif;;M TWK J>RJK ;phrase;;;PP;Cmpl;complement;NA;*;;;
482400;280235;-1;Ezekiel;32;3;<LH;hif;H<LWK ;W H<LWK B XRMJ ;;;;;;;;;;;
482400;280235;770256;Ezekiel;32;3;<LH;hif;;W ;phrase;;;CP;Conj;NA;NA;NA;;NA;NA
482400;280235;770257;Ezekiel;32;3;<LH;hif;;H<LWK ;phrase;;;VP;PreO;core;regular;direct_object;;;
482400;280235;770258;Ezekiel;32;3;<LH;hif;;B XRMJ ;phrase;;;PP;Adju;adjunct;NA;NA;;;
482922;282457;-1;Ezekiel;36;3;<LH;nif;T<LW ;W T<LW <L FPT LCWN W DBT <M ;;;;;;;;;;;
482922;282457;771717;Ezekiel;36;3;<LH;nif;;W ;phrase;;;CP;Conj;NA;NA;NA;;NA;NA
482922;282457;771718;Ezekiel;36;3;<LH;nif;;T<LW ;phrase;;;VP;Pred;core;regular;NA;;;
482922;282457;771719;Ezekiel;36;3;<LH;nif;;<L FPT LCWN W DBT <M ;phrase;;;PP;Cmpl;complement;NA;*;;;
483109;283287;-1;Ezekiel;37;6;<LH;hif;H<LTJ ;W H<LTJ <LJKM BFR ;;;;;;;;;;;
483109;283287;772249;Ezekiel;37;6;<LH;hif;;W ;phrase;;;CP;Conj;NA;NA;NA;;NA;NA
483109;283287;772250;Ezekiel;37;6;<LH;hif;;H<LTJ ;phrase;;;VP;Pred;core;regular;NA;;;
483109;283287;772251;Ezekiel;37;6;<LH;hif;;<LJKM ;phrase;;;PP;Cmpl;complement;NA;*;;;
483109;283287;772252;Ezekiel;37;6;<LH;hif;;BFR ;phrase;;;NP;Objc;complement;NA;direct_object;;;
483126;283332;-1;Ezekiel;37;8;<LH;qal;<LH ;W BFR <LH ;;;;;;;;;;;
483126;283332;772290;Ezekiel;37;8;<LH;qal;;W ;phrase;;;CP;Conj;NA;NA;NA;;NA;NA
483126;283332;772291;Ezekiel;37;8;<LH;qal;;BFR ;phrase;;;NP;Subj;core;NA;subject;;;
483126;283332;772292;Ezekiel;37;8;<LH;qal;;<LH ;phrase;;;VP;Pred;core;regular;NA;;;
483158;283435;-1;Ezekiel;37;12;<LH;hif;H<LJTJ ;W H<LJTJ >TKM M QBRWTJKM ;;;;;;;;;;;
483158;283435;772365;Ezekiel;37;12;<LH;hif;;W ;phrase;;;CP;Conj;NA;NA;NA;;NA;NA
483158;283435;772366;Ezekiel;37;12;<LH;hif;;H<LJTJ ;phrase;;;VP;Pred;core;regular;NA;;;
483158;283435;772367;Ezekiel;37;12;<LH;hif;;>TKM ;phrase;;;PP;Objc;complement;NA;direct_object;;;
483158;283435;772368;Ezekiel;37;12;<LH;hif;;M QBRWTJKM ;phrase;;;PP;Cmpl;complement;NA;*;;;
483164;283457;-1;Ezekiel;37;13;<LH;hif;H<LWTJ ;W B H<LWTJ >TKM M QBRWTJKM ;;;;;;;;;;;
483164;283457;772381;Ezekiel;37;13;<LH;hif;;W ;phrase;;;CP;Conj;NA;NA;NA;;NA;NA
483164;283457;772382;Ezekiel;37;13;<LH;hif;;B H<LWTJ ;phrase;;;VP;PreS;core;regular;subject;;;
483164;283457;772383;Ezekiel;37;13;<LH;hif;;>TKM ;phrase;;;PP;Objc;complement;NA;direct_object;;;
483164;283457;772384;Ezekiel;37;13;<LH;hif;;M QBRWTJKM ;phrase;;;PP;Cmpl;complement;NA;*;;;
483263;283956;-1;Ezekiel;38;9;<LH;qal;<LJT ;W <LJT ;;;;;;;;;;;
483263;283956;772698;Ezekiel;38;9;<LH;qal;;W ;phrase;;;CP;Conj;NA;NA;NA;;NA;NA
483263;283956;772699;Ezekiel;38;9;<LH;qal;;<LJT ;phrase;;;VP;Pred;core;regular;NA;;;
483271;283988;-1;Ezekiel;38;10;<LH;qal;J<LW ;B  JWM H HW> J<LW DBRJM <L LBBK ;;;;;;;;;;;
483271;283988;772715;Ezekiel;38;10;<LH;qal;;B  JWM H HW> ;phrase;;;PP;Time;adjunct;NA;NA;;time;time
483271;283988;772716;Ezekiel;38;10;<LH;qal;;J<LW ;phrase;;;VP;Pred;core;regular;NA;;;
483271;283988;772717;Ezekiel;38;10;<LH;qal;;DBRJM ;phrase;;;NP;Subj;core;NA;subject;;;
483271;283988;772718;Ezekiel;38;10;<LH;qal;;<L LBBK ;phrase;;;PP;Cmpl;complement;NA;*;;;
483274;283998;-1;Ezekiel;38;11;<LH;qal;><LH ;><LH <L >RY PRZWT ;;;;;;;;;;;
483274;283998;772724;Ezekiel;38;11;<LH;qal;;><LH ;phrase;;;VP;Pred;core;regular;NA;;;
483274;283998;772725;Ezekiel;38;11;<LH;qal;;<L >RY PRZWT ;phrase;;;PP;Cmpl;complement;NA;*;;location;location
483301;284131;-1;Ezekiel;38;16;<LH;qal;<LJT ;W <LJT <L <MJ JFR>L K  <NN ;;;;;;;;;;;
483301;284131;772789;Ezekiel;38;16;<LH;qal;;W ;phrase;;;CP;Conj;NA;NA;NA;;NA;NA
483301;284131;772790;Ezekiel;38;16;<LH;qal;;<LJT ;phrase;;;VP;Pred;core;regular;NA;;;
483301;284131;772791;Ezekiel;38;16;<LH;qal;;<L <MJ JFR>L ;phrase;;;PP;Cmpl;complement;NA;*;;location;location
483301;284131;772792;Ezekiel;38;16;<LH;qal;;K  <NN ;phrase;;;PP;Adju;adjunct;NA;NA;;;
483301;284131;483302;Ezekiel;38;16;<LH;qal;;L KSWT H >RY ;clause;InfC;Adju;;;NA;NA;;;;
483316;284208;-1;Ezekiel;38;18;<LH;qal;T<LH ;T<LH XMTJ B >PJ ;;;;;;;;;;;
483316;284208;772831;Ezekiel;38;18;<LH;qal;;T<LH ;phrase;;;VP;Pred;core;regular;NA;;;
483316;284208;772832;Ezekiel;38;18;<LH;qal;;XMTJ ;phrase;;;NP;Subj;core;NA;subject;;;
483316;284208;772833;Ezekiel;38;18;<LH;qal;;B >PJ ;phrase;;;PP;Cmpl;complement;NA;*;;location;location
483344;284364;-1;Ezekiel;39;2;<LH;hif;H<LJTJK ;W H<LJTJK M JRKTJ YPWN ;;;;;;;;;;;
483344;284364;772910;Ezekiel;39;2;<LH;hif;;W ;phrase;;;CP;Conj;NA;NA;NA;;NA;NA
483344;284364;772911;Ezekiel;39;2;<LH;hif;;H<LJTJK ;phrase;;;VP;PreO;core;regular;direct_object;;;
483344;284364;772912;Ezekiel;39;2;<LH;hif;;M JRKTJ YPWN ;phrase;;;PP;Cmpl;complement;NA;*;;location;location
483486;285099;-1;Ezekiel;40;6;<LH;qal;J<L ;W J<L B M<LWTW ;;;;;;;;;;;
483486;285099;773326;Ezekiel;40;6;<LH;qal;;W ;phrase;;;CP;Conj;NA;NA;NA;;NA;NA
483486;285099;773327;Ezekiel;40;6;<LH;qal;;J<L ;phrase;;;VP;Pred;core;regular;NA;;;
483486;285099;773328;Ezekiel;40;6;<LH;qal;;B M<LWTW ;phrase;;;PP;Cmpl;complement;NA;*;;location;location
483547;285461;-1;Ezekiel;40;22;<LH;qal;J<LW ;W B M<LWT CB< J<LW BW ;;;;;;;;;;;
483547;285461;773479;Ezekiel;40;22;<LH;qal;;W ;phrase;;;CP;Conj;NA;NA;NA;;NA;NA
483547;285461;773480;Ezekiel;40;22;<LH;qal;;B M<LWT CB< ;phrase;;;PP;Adju;adjunct;NA;NA;;;
483547;285461;773481;Ezekiel;40;22;<LH;qal;;J<LW ;phrase;;;VP;Pred;core;regular;NA;;;
483547;285461;773482;Ezekiel;40;22;<LH;qal;;BW ;phrase;;;PP;Cmpl;complement;NA;*;;location;location
483558;285538;-1;Ezekiel;40;26;<LH;qal;<LWTW ;W M<LWT CB<H <LWTW ;;;;;;;;;;;
483558;285538;773515;Ezekiel;40;26;<LH;qal;;W ;phrase;;;CP;Conj;NA;NA;NA;;NA;NA
483558;285538;773516;Ezekiel;40;26;<LH;qal;;M<LWT CB<H ;phrase;;;NP;Subj;core;NA;subject;;;
483558;285538;773517;Ezekiel;40;26;<LH;qal;;<LWTW ;phrase;;;VP;PtcO;core;regular;direct_object;;;
483603;285819;-1;Ezekiel;40;40;<LH;qal;<WLH ;W >L H KTP M XWYH L  <WLH L PTX H C<R H YPWNH CNJM CLXNWT ;;;;;;;;;;;
483603;285819;773644;Ezekiel;40;40;<LH;qal;;W ;phrase;;;CP;Conj;NA;NA;NA;;NA;NA
483603;285819;773645;Ezekiel;40;40;<LH;qal;;>L H KTP M XWYH ;phrase;;;PP;PreC;core;regular;NA;;location;location
483603;285819;773646;Ezekiel;40;40;<LH;qal;;L  <WLH L PTX H C<R H YPWNH ;phrase;;;PP;Adju;adjunct;NA;NA;;;
483603;285819;773647;Ezekiel;40;40;<LH;qal;;CNJM CLXNWT ;phrase;;;NP;Subj;core;NA;subject;;;
483647;286062;-1;Ezekiel;40;49;<LH;qal;J<LW ;>CR J<LW >LJW ;;;;;;;;;;;
483647;286062;773754;Ezekiel;40;49;<LH;qal;;>CR ;phrase;;;CP;Rela;NA;NA;NA;;NA;NA
483647;286062;773755;Ezekiel;40;49;<LH;qal;;J<LW ;phrase;;;VP;Pred;core;regular;NA;;;
483647;286062;773756;Ezekiel;40;49;<LH;qal;;>LJW ;phrase;;;PP;Cmpl;complement;NA;indirect_object;;;
483690;286261;-1;Ezekiel;41;7;<LH;qal;J<LH ;W KN H TXTWNH J<LH <L H <LJWNH L  TJKWNH ;;;;;;;;;;;
483690;286261;773862;Ezekiel;41;7;<LH;qal;;W ;phrase;;;CP;Conj;NA;NA;NA;;NA;NA
483690;286261;773863;Ezekiel;41;7;<LH;qal;;KN ;phrase;;;AdvP;Modi;NA;NA;NA;;NA;NA
483690;286261;773864;Ezekiel;41;7;<LH;qal;;H TXTWNH ;phrase;;;NP;Subj;core;NA;subject;;;
483690;286261;773865;Ezekiel;41;7;<LH;qal;;J<LH ;phrase;;;VP;Pred;core;regular;NA;;;
483690;286261;773866;Ezekiel;41;7;<LH;qal;;<L H <LJWNH ;phrase;;;PP;Cmpl;complement;NA;*;;;
483690;286261;773867;Ezekiel;41;7;<LH;qal;;L  TJKWNH ;phrase;;;PP;Adju;adjunct;NA;NA;;;
483896;287532;-1;Ezekiel;43;18;<LH;hif;H<LWT ;L H<LWT <LJW <WLH ;;;;;;;;;;;
483896;287532;774459;Ezekiel;43;18;<LH;hif;;L H<LWT ;phrase;;;VP;Pred;core;regular;NA;;;
483896;287532;774460;Ezekiel;43;18;<LH;hif;;<LJW ;phrase;;;PP;Adju;adjunct;NA;NA;;;
483896;287532;774461;Ezekiel;43;18;<LH;hif;;<WLH ;phrase;;;NP;Objc;complement;NA;direct_object;;;
483896;287532;483897;Ezekiel;43;18;<LH;hif;;W L ZRQ <LJW DM ;clause;InfC;Coor;;;NA;NA;;;;
483917;287658;-1;Ezekiel;43;24;<LH;hif;H<LW ;W H<LW >WTM <LH L JHWH ;;;;;;;;;;;
483917;287658;774521;Ezekiel;43;24;<LH;hif;;W ;phrase;;;CP;Conj;NA;NA;NA;;NA;NA
483917;287658;774522;Ezekiel;43;24;<LH;hif;;H<LW ;phrase;;;VP;Pred;core;regular;NA;;;
483917;287658;774523;Ezekiel;43;24;<LH;hif;;>WTM ;phrase;;;PP;Objc;complement;NA;direct_object;;;
483917;287658;774524;Ezekiel;43;24;<LH;hif;;<LH L JHWH ;phrase;;;NP;PrAd;adjunct;NA;NA;;;
484006;288129;-1;Ezekiel;44;17;<LH;qal;J<LH ;W L> J<LH <LJHM YMR ;;;;;;;;;;;
484006;288129;774779;Ezekiel;44;17;<LH;qal;;W ;phrase;;;CP;Conj;NA;NA;NA;;NA;NA
484006;288129;774780;Ezekiel;44;17;<LH;qal;;L> ;phrase;;;NegP;Nega;NA;NA;NA;;NA;NA
484006;288129;774781;Ezekiel;44;17;<LH;qal;;J<LH ;phrase;;;VP;Pred;core;regular;NA;;;
484006;288129;774782;Ezekiel;44;17;<LH;qal;;<LJHM ;phrase;;;PP;Cmpl;complement;NA;*;;;
484006;288129;774783;Ezekiel;44;17;<LH;qal;;YMR ;phrase;;;NP;Subj;core;NA;subject;;;
484006;288129;484007;Ezekiel;44;17;<LH;qal;;B CRTM B C<RJ H XYR H PNJMJT W BJTH ;clause;InfC;Adju;;;NA;NA;;;;
484280;289915;-1;Ezekiel;47;12;<LH;qal;J<LH ;W <L H NXL J<LH <L FPTW M ZH W M ZH KL <Y M>KL ;;;;;;;;;;;
484280;289915;775611;Ezekiel;47;12;<LH;qal;;W ;phrase;;;CP;Conj;NA;NA;NA;;NA;NA
484280;289915;775612;Ezekiel;47;12;<LH;qal;;<L H NXL ;phrase;;;PP;Loca;adjunct;NA;NA;;location;location
484280;289915;775613;Ezekiel;47;12;<LH;qal;;J<LH ;phrase;;;VP;Pred;core;regular;NA;;;
484280;289915;775614;Ezekiel;47;12;<LH;qal;;<L FPTW ;phrase;;;PP;Cmpl;complement;NA;*;;;
484280;289915;775615;Ezekiel;47;12;<LH;qal;;M ZH W M ZH ;phrase;;;PP;Adju;adjunct;NA;NA;;;
484280;289915;775616;Ezekiel;47;12;<LH;qal;;KL <Y M>KL ;phrase;;;NP;Subj;core;NA;subject;;;
484486;291127;-1;Hosea;2;2;<LH;qal;<LW ;W <LW MN H >RY ;;;;;;;;;;;
484486;291127;776225;Hosea;2;2;<LH;qal;;W ;phrase;;;CP;Conj;NA;NA;NA;;NA;NA
484486;291127;776226;Hosea;2;2;<LH;qal;;<LW ;phrase;;;VP;Pred;core;regular;NA;;;
484486;291127;776227;Hosea;2;2;<LH;qal;;MN H >RY ;phrase;;;PP;Cmpl;complement;NA;*;;location;location
484554;291414;-1;Hosea;2;17;<LH;qal;<LTH ;<LTH M >RY MYRJM ;;;;;;;;;;;
484554;291414;776423;Hosea;2;17;<LH;qal;;<LTH ;phrase;;;VP;PreS;core;regular;subject;;;
484554;291414;776424;Hosea;2;17;<LH;qal;;M >RY MYRJM ;phrase;;;PP;Cmpl;complement;NA;*;;location;location
484671;291933;-1;Hosea;4;15;<LH;qal;T<LW ;W >L T<LW BJT_>WN ;;;;;;;;;;;
484671;291933;776758;Hosea;4;15;<LH;qal;;W ;phrase;;;CP;Conj;NA;NA;NA;;NA;NA
484671;291933;776759;Hosea;4;15;<LH;qal;;>L ;phrase;;;NegP;Nega;NA;NA;NA;;NA;NA
484671;291933;776760;Hosea;4;15;<LH;qal;;T<LW ;phrase;;;VP;Pred;core;regular;NA;;;
484671;291933;776761;Hosea;4;15;<LH;qal;;BJT_>WN ;phrase;;;PrNP;Cmpl;complement;NA;*;;location;location
484887;292697;-1;Hosea;8;9;<LH;qal;<LW ;KJ HMH <LW >CWR ;;;;;;;;;;;
484887;292697;777328;Hosea;8;9;<LH;qal;;KJ ;phrase;;;CP;Conj;NA;NA;NA;;NA;NA
484887;292697;777329;Hosea;8;9;<LH;qal;;HMH ;phrase;;;PPrP;Subj;core;NA;subject;;;
484887;292697;777330;Hosea;8;9;<LH;qal;;<LW ;phrase;;;VP;Pred;core;regular;NA;;;
484887;292697;777331;Hosea;8;9;<LH;qal;;>CWR ;phrase;;;PrNP;Cmpl;complement;NA;*;;location;location
485018;293164;-1;Hosea;10;8;<LH;qal;J<LH ;QWY W DRDR J<LH <L MZBXWTM ;;;;;;;;;;;
485018;293164;777659;Hosea;10;8;<LH;qal;;QWY W DRDR ;phrase;;;NP;Subj;core;NA;subject;;;
485018;293164;777660;Hosea;10;8;<LH;qal;;J<LH ;phrase;;;VP;Pred;core;regular;NA;;;
485018;293164;777661;Hosea;10;8;<LH;qal;;<L MZBXWTM ;phrase;;;PP;Cmpl;complement;NA;*;;location;location
485154;293664;-1;Hosea;12;14;<LH;hif;H<LH ;W B NBJ> H<LH JHWH >T JFR>L M MYRJM ;;;;;;;;;;;
485154;293664;778019;Hosea;12;14;<LH;hif;;W ;phrase;;;CP;Conj;NA;NA;NA;;NA;NA
485154;293664;778020;Hosea;12;14;<LH;hif;;B NBJ> ;phrase;;;PP;Adju;adjunct;NA;NA;;;
485154;293664;778021;Hosea;12;14;<LH;hif;;H<LH ;phrase;;;VP;Pred;core;regular;NA;;;
485154;293664;778022;Hosea;12;14;<LH;hif;;JHWH ;phrase;;;PrNP;Subj;core;NA;subject;;;
485154;293664;778023;Hosea;12;14;<LH;hif;;>T JFR>L ;phrase;;;PP;Objc;complement;NA;direct_object;;;
485154;293664;778024;Hosea;12;14;<LH;hif;;M MYRJM ;phrase;;;PP;Cmpl;complement;NA;*;;location;location
485219;293888;-1;Hosea;13;15;<LH;qal;<LH ;RWX JHWH M MDBR <LH ;;;;;;;;;;;
485219;293888;778181;Hosea;13;15;<LH;qal;;RWX JHWH ;phrase;;;NP;Subj;core;NA;subject;;;
485219;293888;778182;Hosea;13;15;<LH;qal;;M MDBR ;phrase;;;PP;Cmpl;complement;NA;*;;location;location
485219;293888;778183;Hosea;13;15;<LH;qal;;<LH ;phrase;;;VP;PreC;core;regular;NA;;;
485289;294132;-1;Joel;1;6;<LH;qal;<LH ;KJ GWJ <LH <L >RYJ ;;;;;;;;;;;
485289;294132;778363;Joel;1;6;<LH;qal;;KJ ;phrase;;;CP;Conj;NA;NA;NA;;NA;NA
485289;294132;778364;Joel;1;6;<LH;qal;;GWJ ;phrase;;;NP;Subj;core;NA;subject;;;
485289;294132;778365;Joel;1;6;<LH;qal;;<LH ;phrase;;;VP;Pred;core;regular;NA;;;
485289;294132;778366;Joel;1;6;<LH;qal;;<L >RYJ ;phrase;;;PP;Cmpl;complement;NA;*;;location;location
485373;294469;-1;Joel;2;7;<LH;qal;J<LW ;K >NCJ MLXMH J<LW XWMH ;;;;;;;;;;;
485373;294469;778576;Joel;2;7;<LH;qal;;K >NCJ MLXMH ;phrase;;;PP;Adju;adjunct;NA;NA;;;
485373;294469;778577;Joel;2;7;<LH;qal;;J<LW ;phrase;;;VP;Pred;core;regular;NA;;;
485373;294469;778578;Joel;2;7;<LH;qal;;XWMH ;phrase;;;NP;Cmpl;complement;NA;*;;;
485384;294507;-1;Joel;2;9;<LH;qal;J<LW ;B  BTJM J<LW ;;;;;;;;;;;
485384;294507;778603;Joel;2;9;<LH;qal;;B  BTJM ;phrase;;;PP;Cmpl;complement;NA;*;;location;location
485384;294507;778604;Joel;2;9;<LH;qal;;J<LW ;phrase;;;VP;Pred;core;regular;NA;;;
485438;294745;-1;Joel;2;20;<LH;qal;<LH ;W <LH B>CW ;;;;;;;;;;;
485438;294745;778754;Joel;2;20;<LH;qal;;W ;phrase;;;CP;Conj;NA;NA;NA;;NA;NA
485438;294745;778755;Joel;2;20;<LH;qal;;<LH ;phrase;;;VP;Pred;core;regular;NA;;;
485438;294745;778756;Joel;2;20;<LH;qal;;B>CW ;phrase;;;NP;Subj;core;NA;subject;;;
485439;294748;-1;Joel;2;20;<LH;qal;T<L ;W T<L YXNTW ;;;;;;;;;;;
485439;294748;778757;Joel;2;20;<LH;qal;;W ;phrase;;;CP;Conj;NA;NA;NA;;NA;NA
485439;294748;778758;Joel;2;20;<LH;qal;;T<L ;phrase;;;VP;Pred;core;regular;NA;;;
485439;294748;778759;Joel;2;20;<LH;qal;;YXNTW ;phrase;;;NP;Subj;core;NA;subject;;;
485523;295162;-1;Joel;4;9;<LH;qal;J<LW ;J<LW KL >NCJ H MLXMH ;;;;;;;;;;;
485523;295162;779005;Joel;4;9;<LH;qal;;J<LW ;phrase;;;VP;Pred;core;regular;NA;;;
485523;295162;779006;Joel;4;9;<LH;qal;;KL >NCJ H MLXMH ;phrase;;;NP;Subj;core;NA;subject;;;
485535;295196;-1;Joel;4;12;<LH;qal;J<LW ;W J<LW H GWJM >L <MQ JHWCPV ;;;;;;;;;;;
485535;295196;779028;Joel;4;12;<LH;qal;;W ;phrase;;;CP;Conj;NA;NA;NA;;NA;NA
485535;295196;779029;Joel;4;12;<LH;qal;;J<LW ;phrase;;;VP;Pred;core;regular;NA;;;
485535;295196;779030;Joel;4;12;<LH;qal;;H GWJM ;phrase;;;NP;Subj;core;NA;subject;;;
485535;295196;779031;Joel;4;12;<LH;qal;;>L <MQ JHWCPV ;phrase;;;PP;Cmpl;complement;NA;*;;location;location
485660;295832;-1;Amos;2;10;<LH;hif;H<LJTJ ;W >NKJ H<LJTJ >TKM M >RY MYRJM ;;;;;;;;;;;
485660;295832;779419;Amos;2;10;<LH;hif;;W ;phrase;;;CP;Conj;NA;NA;NA;;NA;NA
485660;295832;779420;Amos;2;10;<LH;hif;;>NKJ ;phrase;;;PPrP;Subj;core;NA;subject;;;
485660;295832;779421;Amos;2;10;<LH;hif;;H<LJTJ ;phrase;;;VP;Pred;core;regular;NA;;;
485660;295832;779422;Amos;2;10;<LH;hif;;>TKM ;phrase;;;PP;Objc;complement;NA;direct_object;;;
485660;295832;779423;Amos;2;10;<LH;hif;;M >RY MYRJM ;phrase;;;PP;Cmpl;complement;NA;*;;location;location
485687;295964;-1;Amos;3;1;<LH;hif;H<LJTJ ;>CR H<LJTJ M >RY MYRJM ;;;;;;;;;;;
485687;295964;779507;Amos;3;1;<LH;hif;;>CR ;phrase;;;CP;Rela;NA;NA;NA;;NA;NA
485687;295964;779508;Amos;3;1;<LH;hif;;H<LJTJ ;phrase;;;VP;Pred;core;regular;NA;;;
485687;295964;779509;Amos;3;1;<LH;hif;;M >RY MYRJM ;phrase;;;PP;Cmpl;complement;NA;*;;location;location
485699;296023;-1;Amos;3;5;<LH;qal;J<LH ;H J<LH PX MN H >DMH ;;;;;;;;;;;
485699;296023;779548;Amos;3;5;<LH;qal;;H ;phrase;;;InrP;Ques;NA;NA;NA;;NA;NA
485699;296023;779549;Amos;3;5;<LH;qal;;J<LH ;phrase;;;VP;Pred;core;regular;NA;;;
485699;296023;779550;Amos;3;5;<LH;qal;;PX ;phrase;;;NP;Subj;core;NA;subject;;;
485699;296023;779551;Amos;3;5;<LH;qal;;MN H >DMH ;phrase;;;PP;Cmpl;complement;NA;*;;;
485792;296430;-1;Amos;4;10;<LH;hif;><LH ;W ><LH B>C MXNJKM ;;;;;;;;;;;
485792;296430;779816;Amos;4;10;<LH;hif;;W ;phrase;;;CP;Conj;NA;NA;NA;;NA;NA
485792;296430;779817;Amos;4;10;<LH;hif;;><LH ;phrase;;;VP;Pred;core;regular;NA;;;
485792;296430;779818;Amos;4;10;<LH;hif;;B>C MXNJKM ;phrase;;;NP;Objc;complement;NA;direct_object;;;
485910;296856;-1;Amos;5;22;<LH;hif;T<LW ;>M T<LW LJ <LWT W MNXTJKM ;;;;;;;;;;;
485910;296856;780133;Amos;5;22;<LH;hif;;>M ;phrase;;;CP;Conj;NA;NA;NA;;NA;NA
485910;296856;780134;Amos;5;22;<LH;hif;;T<LW ;phrase;;;VP;Pred;core;regular;NA;;;
485910;296856;780135;Amos;5;22;<LH;hif;;LJ ;phrase;;;PP;Cmpl;complement;NA;indirect_object;;;
485910;296856;780136;Amos;5;22;<LH;hif;;<LWT W MNXTJKM ;phrase;;;NP;Objc;complement;NA;direct_object;;;
485986;297191;-1;Amos;7;1;<LH;qal;<LWT ;<LWT H LQC ;;;;;;;;;;;
485986;297191;780348;Amos;7;1;<LH;qal;;<LWT ;phrase;;;VP;Pred;core;regular;NA;;;
485986;297191;780349;Amos;7;1;<LH;qal;;H LQC ;phrase;;;NP;Subj;core;NA;subject;;;
486100;297629;-1;Amos;8;8;<LH;qal;<LTH ;W <LTH K  >R KLH ;;;;;;;;;;;
486100;297629;780664;Amos;8;8;<LH;qal;;W ;phrase;;;CP;Conj;NA;NA;NA;;NA;NA
486100;297629;780665;Amos;8;8;<LH;qal;;<LTH ;phrase;;;VP;Pred;core;regular;NA;;;
486100;297629;780666;Amos;8;8;<LH;qal;;K  >R ;phrase;;;PP;Adju;adjunct;NA;NA;;;
486100;297629;780667;Amos;8;8;<LH;qal;;KLH ;phrase;;;NP;Subj;core;NA;subject;;;
486109;297677;-1;Amos;8;10;<LH;hif;H<LJTJ ;W H<LJTJ <L KL MTNJM FQ ;;;;;;;;;;;
486109;297677;780692;Amos;8;10;<LH;hif;;W ;phrase;;;CP;Conj;NA;NA;NA;;NA;NA
486109;297677;780693;Amos;8;10;<LH;hif;;H<LJTJ ;phrase;;;VP;Pred;core;regular;NA;;;
486109;297677;780694;Amos;8;10;<LH;hif;;<L KL MTNJM ;phrase;;;PP;Cmpl;complement;NA;*;;;
486109;297677;780695;Amos;8;10;<LH;hif;;FQ ;phrase;;;NP;Objc;complement;NA;direct_object;;;
486142;297831;-1;Amos;9;2;<LH;qal;J<LW ;W >M J<LW H CMJM ;;;;;;;;;;;
486142;297831;780786;Amos;9;2;<LH;qal;;W ;phrase;;;CP;Conj;NA;NA;NA;;NA;NA
486142;297831;780787;Amos;9;2;<LH;qal;;>M ;phrase;;;CP;Conj;NA;NA;NA;;NA;NA
486142;297831;780788;Amos;9;2;<LH;qal;;J<LW ;phrase;;;VP;Pred;core;regular;NA;;;
486142;297831;780789;Amos;9;2;<LH;qal;;H CMJM ;phrase;;;NP;Cmpl;complement;NA;*;;location;location
486160;297912;-1;Amos;9;5;<LH;qal;<LTH ;W <LTH K  J>R KLH ;;;;;;;;;;;
486160;297912;780840;Amos;9;5;<LH;qal;;W ;phrase;;;CP;Conj;NA;NA;NA;;NA;NA
486160;297912;780841;Amos;9;5;<LH;qal;;<LTH ;phrase;;;VP;Pred;core;regular;NA;;;
486160;297912;780842;Amos;9;5;<LH;qal;;K  J>R ;phrase;;;PP;Adju;adjunct;NA;NA;;;
486160;297912;780843;Amos;9;5;<LH;qal;;KLH ;phrase;;;NP;Subj;core;NA;subject;;;
486170;297962;-1;Amos;9;7;<LH;hif;H<LJTJ ;H LW> >T JFR>L H<LJTJ M >RY MYRJM ;;;;;;;;;;;
486170;297962;780870;Amos;9;7;<LH;hif;;H ;phrase;;;InrP;Ques;NA;NA;NA;;NA;NA
486170;297962;780871;Amos;9;7;<LH;hif;;LW> ;phrase;;;NegP;Nega;NA;NA;NA;;NA;NA
486170;297962;780872;Amos;9;7;<LH;hif;;>T JFR>L ;phrase;;;PP;Objc;complement;NA;direct_object;;;
486170;297962;780873;Amos;9;7;<LH;hif;;H<LJTJ ;phrase;;;VP;Pred;core;regular;NA;;;
486170;297962;780874;Amos;9;7;<LH;hif;;M >RY MYRJM ;phrase;;;PP;Cmpl;complement;NA;*;;location;location
486293;298528;-1;Obadiah;1;21;<LH;qal;<LW ;W <LW MWC<JM B HR YJWN ;;;;;;;;;;;
486293;298528;781247;Obadiah;1;21;<LH;qal;;W ;phrase;;;CP;Conj;NA;NA;NA;;NA;NA
486293;298528;781248;Obadiah;1;21;<LH;qal;;<LW ;phrase;;;VP;Pred;core;regular;NA;;;
486293;298528;781249;Obadiah;1;21;<LH;qal;;MWC<JM ;phrase;;;NP;Subj;core;NA;subject;;;
486293;298528;781250;Obadiah;1;21;<LH;qal;;B HR YJWN ;phrase;;;PP;Cmpl;complement;NA;*;;location;location
486293;298528;486294;Obadiah;1;21;<LH;qal;;L CPV >T HR <FW ;clause;InfC;Adju;;;NA;NA;;;;
486301;298566;-1;Jonah;1;2;<LH;qal;<LTH ;KJ <LTH R<TM L PNJ ;;;;;;;;;;;
486301;298566;781268;Jonah;1;2;<LH;qal;;KJ ;phrase;;;CP;Conj;NA;NA;NA;;NA;NA
486301;298566;781269;Jonah;1;2;<LH;qal;;<LTH ;phrase;;;VP;Pred;core;regular;NA;;;
486301;298566;781270;Jonah;1;2;<LH;qal;;R<TM ;phrase;;;NP;Subj;core;NA;subject;;;
486301;298566;781271;Jonah;1;2;<LH;qal;;L PNJ ;phrase;;;PP;Cmpl;complement;NA;*;;location;location
486408;299013;-1;Jonah;2;7;<LH;hif;T<L ;W T<L M CXT XJJ ;;;;;;;;;;;
486408;299013;781575;Jonah;2;7;<LH;hif;;W ;phrase;;;CP;Conj;NA;NA;NA;;NA;NA
486408;299013;781576;Jonah;2;7;<LH;hif;;T<L ;phrase;;;VP;Pred;core;regular;NA;;;
486408;299013;781577;Jonah;2;7;<LH;hif;;M CXT ;phrase;;;PP;Cmpl;complement;NA;*;;;
486408;299013;781578;Jonah;2;7;<LH;hif;;XJJ ;phrase;;;NP;Objc;complement;NA;direct_object;;;
486496;299383;-1;Jonah;4;6;<LH;hif;J<L ;W J<L M <L L JWNH ;;;;;;;;;;;
486496;299383;781824;Jonah;4;6;<LH;hif;;W ;phrase;;;CP;Conj;NA;NA;NA;;NA;NA
486496;299383;781825;Jonah;4;6;<LH;hif;;J<L ;phrase;;;VP;Pred;core;regular;NA;;;
486496;299383;781826;Jonah;4;6;<LH;hif;;M <L L JWNH ;phrase;;;PP;Adju;adjunct;NA;NA;;;
486496;299383;486497;Jonah;4;6;<LH;hif;;L HJWT YL <L R>CW ;clause;InfC;Adju;;;NA;NA;;;;
486501;299412;-1;Jonah;4;7;<LH;qal;<LWT ;B <LWT H CXR L  MXRT ;;;;;;;;;;;
486501;299412;781842;Jonah;4;7;<LH;qal;;B <LWT ;phrase;;;VP;Pred;core;regular;NA;;;
486501;299412;781843;Jonah;4;7;<LH;qal;;H CXR ;phrase;;;NP;Subj;core;NA;subject;;;
486501;299412;781844;Jonah;4;7;<LH;qal;;L  MXRT ;phrase;;;PP;Time;adjunct;NA;NA;;time;time
486649;300018;-1;Micah;2;13;<LH;qal;<LH ;<LH H PRY L PNJHM ;;;;;;;;;;;
486649;300018;782238;Micah;2;13;<LH;qal;;<LH ;phrase;;;VP;Pred;core;regular;NA;;;
486649;300018;782239;Micah;2;13;<LH;qal;;H PRY ;phrase;;;NP;Subj;core;NA;subject;;;
486649;300018;782240;Micah;2;13;<LH;qal;;L PNJHM ;phrase;;;PP;Cmpl;complement;NA;*;;location;location
486717;300311;-1;Micah;4;2;<LH;qal;N<LH ;W N<LH >L HR JHWH W >L BJT >LHJ J<QB ;;;;;;;;;;;
486717;300311;782440;Micah;4;2;<LH;qal;;W ;phrase;;;CP;Conj;NA;NA;NA;;NA;NA
486717;300311;782441;Micah;4;2;<LH;qal;;N<LH ;phrase;;;VP;Pred;core;regular;NA;;;
486717;300311;782442;Micah;4;2;<LH;qal;;>L HR JHWH W >L BJT >LHJ J<QB ;phrase;;;PP;Cmpl;complement;NA;*;;location;location
486849;300881;-1;Micah;6;4;<LH;hif;H<LTJK ;KJ H<LTJK M >RY MYRJM ;;;;;;;;;;;
486849;300881;782812;Micah;6;4;<LH;hif;;KJ ;phrase;;;CP;Conj;NA;NA;NA;;NA;NA
486849;300881;782813;Micah;6;4;<LH;hif;;H<LTJK ;phrase;;;VP;PreO;core;regular;direct_object;;;
486849;300881;782814;Micah;6;4;<LH;hif;;M >RY MYRJM ;phrase;;;PP;Cmpl;complement;NA;*;;location;location
487054;301654;-1;Nahum;2;2;<LH;qal;<LH ;<LH MPJY <L PNJK ;;;;;;;;;;;
487054;301654;783348;Nahum;2;2;<LH;qal;;<LH ;phrase;;;VP;Pred;core;regular;NA;;;
487054;301654;783349;Nahum;2;2;<LH;qal;;MPJY ;phrase;;;NP;Subj;core;NA;subject;;;
487054;301654;783350;Nahum;2;2;<LH;qal;;<L PNJK ;phrase;;;PP;Cmpl;complement;NA;*;;;
487079;301740;-1;Nahum;2;8;<LH;hof;H<LTH ;H<LTH ;;;;;;;;;;;
487079;301740;783408;Nahum;2;8;<LH;hof;;H<LTH ;phrase;;;VP;Pred;core;regular;NA;;;
487123;301886;-1;Nahum;3;3;<LH;hif;M<LH ;PRC M<LH ;;;;;;;;;;;
487123;301886;783514;Nahum;3;3;<LH;hif;;PRC M<LH ;phrase;;;NP;PreC;core;regular;NA;;;
487264;302401;-1;Habakkuk;1;15;<LH;hif;H<LH ;KLH B XKH H<LH ;;;;;;;;;;;
487264;302401;783879;Habakkuk;1;15;<LH;hif;;KLH ;phrase;;;NP;Objc;complement;NA;direct_object;;;
487264;302401;783880;Habakkuk;1;15;<LH;hif;;B XKH ;phrase;;;PP;Adju;adjunct;NA;NA;;;
487264;302401;783881;Habakkuk;1;15;<LH;hif;;H<LH ;phrase;;;VP;Pred;core;regular;NA;;;
487436;303008;-1;Habakkuk;3;16;<LH;qal;<LWT ;L <LWT L <M ;;;;;;;;;;;
487436;303008;784318;Habakkuk;3;16;<LH;qal;;L <LWT ;phrase;;;VP;Pred;core;regular;NA;;;
487436;303008;784319;Habakkuk;3;16;<LH;qal;;L <M ;phrase;;;PP;Adju;adjunct;NA;NA;;;
487714;304238;-1;Haggai;1;8;<LH;qal;<LW ;<LW H HR ;;;;;;;;;;;
487714;304238;785039;Haggai;1;8;<LH;qal;;<LW ;phrase;;;VP;Pred;core;regular;NA;;;
487714;304238;785040;Haggai;1;8;<LH;qal;;H HR ;phrase;;;NP;Cmpl;complement;NA;*;;location;location
488802;309227;-1;Zechariah;14;13;<LH;qal;<LTH ;W <LTH JDW <L JD R<HW ;;;;;;;;;;;
488802;309227;787979;Zechariah;14;13;<LH;qal;;W ;phrase;;;CP;Conj;NA;NA;NA;;NA;NA
488802;309227;787980;Zechariah;14;13;<LH;qal;;<LTH ;phrase;;;VP;Pred;core;regular;NA;;;
488802;309227;787981;Zechariah;14;13;<LH;qal;;JDW ;phrase;;;NP;Subj;core;NA;subject;;;
488802;309227;787982;Zechariah;14;13;<LH;qal;;<L JD R<HW ;phrase;;;PP;Cmpl;complement;NA;*;;;
488813;309296;-1;Zechariah;14;16;<LH;qal;<LW ;W <LW M DJ CNH B CNH ;;;;;;;;;;;
488813;309296;788008;Zechariah;14;16;<LH;qal;;W ;phrase;;;CP;Conj;NA;NA;NA;;NA;NA
488813;309296;788009;Zechariah;14;16;<LH;qal;;<LW ;phrase;;;VP;Pred;core;regular;NA;;;
488813;309296;788010;Zechariah;14;16;<LH;qal;;M DJ CNH B CNH ;phrase;;;PP;Time;adjunct;NA;NA;;time;time
488813;309296;488814;Zechariah;14;16;<LH;qal;;L HCTXWT L MLK JHWH YB>WT ;clause;InfC;Adju;;;NA;NA;;;;
488817;309319;-1;Zechariah;14;17;<LH;qal;J<LH ;>CR L> J<LH M >T MCPXWT H >RY >L JRWCLM ;;;;;;;;;;;
488817;309319;788018;Zechariah;14;17;<LH;qal;;>CR ;phrase;;;CP;Conj;NA;NA;NA;;NA;NA
488817;309319;788019;Zechariah;14;17;<LH;qal;;L> ;phrase;;;NegP;Nega;NA;NA;NA;;NA;NA
488817;309319;788020;Zechariah;14;17;<LH;qal;;J<LH ;phrase;;;VP;Pred;core;regular;NA;;;
488817;309319;788021;Zechariah;14;17;<LH;qal;;M >T MCPXWT H >RY ;phrase;;;PP;Adju;adjunct;NA;NA;;;
488817;309319;788022;Zechariah;14;17;<LH;qal;;>L JRWCLM ;phrase;;;PP;Cmpl;complement;NA;*;;location;location
488817;309319;488818;Zechariah;14;17;<LH;qal;;L HCTXWT L MLK JHWH YB>WT ;clause;InfC;Adju;;;NA;NA;;;;
488820;309344;-1;Zechariah;14;18;<LH;qal;T<LH ;W >M MCPXT MYRJM L> T<LH ;;;;;;;;;;;
488820;309344;788030;Zechariah;14;18;<LH;qal;;W ;phrase;;;CP;Conj;NA;NA;NA;;NA;NA
488820;309344;788031;Zechariah;14;18;<LH;qal;;>M ;phrase;;;CP;Conj;NA;NA;NA;;NA;NA
488820;309344;788032;Zechariah;14;18;<LH;qal;;MCPXT MYRJM ;phrase;;;NP;Subj;core;NA;subject;;;
488820;309344;788033;Zechariah;14;18;<LH;qal;;L> ;phrase;;;NegP;Nega;NA;NA;NA;;NA;NA
488820;309344;788034;Zechariah;14;18;<LH;qal;;T<LH ;phrase;;;VP;Pred;core;regular;NA;;;
488824;309362;-1;Zechariah;14;18;<LH;qal;J<LW ;>CR L> J<LW ;;;;;;;;;;;
488824;309362;788047;Zechariah;14;18;<LH;qal;;>CR ;phrase;;;CP;Rela;NA;NA;NA;;NA;NA
488824;309362;788048;Zechariah;14;18;<LH;qal;;L> ;phrase;;;NegP;Nega;NA;NA;NA;;NA;NA
488824;309362;788049;Zechariah;14;18;<LH;qal;;J<LW ;phrase;;;VP;Pred;core;regular;NA;;;
488824;309362;488825;Zechariah;14;18;<LH;qal;;L XG >T XG H SKWT ;clause;InfC;Adju;;;NA;NA;;;;
488827;309380;-1;Zechariah;14;19;<LH;qal;J<LW ;>CR L> J<LW ;;;;;;;;;;;
488827;309380;788055;Zechariah;14;19;<LH;qal;;>CR ;phrase;;;CP;Rela;NA;NA;NA;;NA;NA
488827;309380;788056;Zechariah;14;19;<LH;qal;;L> ;phrase;;;NegP;Nega;NA;NA;NA;;NA;NA
488827;309380;788057;Zechariah;14;19;<LH;qal;;J<LW ;phrase;;;VP;Pred;core;regular;NA;;;
488827;309380;488828;Zechariah;14;19;<LH;qal;;L XG >T XG H SKWT ;clause;InfC;Adju;;;NA;NA;;;;
489755;312740;-1;Psalms;18;9;<LH;qal;<LH ;<LH <CN B >PW ;;;;;;;;;;;
489755;312740;790398;Psalms;18;9;<LH;qal;;<LH ;phrase;;;VP;Pred;core;regular;NA;;;
489755;312740;790399;Psalms;18;9;<LH;qal;;<CN ;phrase;;;NP;Subj;core;NA;subject;;;
489755;312740;790400;Psalms;18;9;<LH;qal;;B >PW ;phrase;;;PP;Cmpl;complement;NA;*;;location;location
490104;313975;-1;Psalms;24;3;<LH;qal;J<LH ;MJ J<LH B HR JHWH ;;;;;;;;;;;
490104;313975;791277;Psalms;24;3;<LH;qal;;MJ ;phrase;;;IPrP;Subj;core;NA;subject;;;
490104;313975;791278;Psalms;24;3;<LH;qal;;J<LH ;phrase;;;VP;Pred;core;regular;NA;;;
490104;313975;791279;Psalms;24;3;<LH;qal;;B HR JHWH ;phrase;;;PP;Cmpl;complement;NA;*;;location;location
490349;314825;-1;Psalms;30;4;<LH;hif;H<LJT ;H<LJT MN C>WL NPCJ ;;;;;;;;;;;
490349;314825;791858;Psalms;30;4;<LH;hif;;H<LJT ;phrase;;;VP;Pred;core;regular;NA;;;
490349;314825;791859;Psalms;30;4;<LH;hif;;MN C>WL ;phrase;;;PP;Cmpl;complement;NA;*;;;
490349;314825;791860;Psalms;30;4;<LH;hif;;NPCJ ;phrase;;;NP;Objc;complement;NA;direct_object;;;
491007;316997;-1;Psalms;40;3;<LH;hif;J<LNJ ;W J<LNJ M BWR C>WN M VJV H JWN ;;;;;;;;;;;
491007;316997;793465;Psalms;40;3;<LH;hif;;W ;phrase;;;CP;Conj;NA;NA;NA;;NA;NA
491007;316997;793466;Psalms;40;3;<LH;hif;;J<LNJ ;phrase;;;VP;PreO;core;regular;direct_object;;;
491007;316997;793467;Psalms;40;3;<LH;hif;;M BWR C>WN M VJV H JWN ;phrase;;;PP;Cmpl;complement;NA;*;;;
491355;318236;-1;Psalms;47;6;<LH;qal;<LH ;<LH >LHJM B TRW<H ;;;;;;;;;;;
491355;318236;794307;Psalms;47;6;<LH;qal;;<LH ;phrase;;;VP;Pred;core;regular;NA;;;
491355;318236;794308;Psalms;47;6;<LH;qal;;>LHJM ;phrase;;;NP;Subj;core;NA;subject;;;
491355;318236;794309;Psalms;47;6;<LH;qal;;B TRW<H ;phrase;;;PP;Adju;adjunct;NA;NA;;;
491367;318280;-1;Psalms;47;10;<LH;nif;N<LH ;M>D N<LH ;;;;;;;;;;;
491367;318280;794335;Psalms;47;10;<LH;nif;;M>D ;phrase;;;AdvP;Modi;NA;NA;NA;;NA;NA
491367;318280;794336;Psalms;47;10;<LH;nif;;N<LH ;phrase;;;VP;Pred;core;regular;NA;;;
491591;319048;-1;Psalms;51;21;<LH;hif;J<LW ;>Z J<LW <L MZBXK PRJM ;;;;;;;;;;;
491591;319048;794886;Psalms;51;21;<LH;hif;;>Z ;phrase;;;AdvP;Modi;NA;NA;NA;;NA;NA
491591;319048;794887;Psalms;51;21;<LH;hif;;J<LW ;phrase;;;VP;Pred;core;regular;NA;;;
491591;319048;794888;Psalms;51;21;<LH;hif;;<L MZBXK ;phrase;;;PP;Cmpl;complement;NA;*;;location;location
491591;319048;794889;Psalms;51;21;<LH;hif;;PRJM ;phrase;;;NP;Objc;complement;NA;direct_object;;;
492060;320549;-1;Psalms;62;10;<LH;qal;<LWT ;L <LWT ;;;;;;;;;;;
492060;320549;795946;Psalms;62;10;<LH;qal;;L <LWT ;phrase;;;VP;Pred;core;regular;NA;;;
492215;321094;-1;Psalms;66;15;<LH;hif;><LH ;<LWT MXJM ><LH LK <M QVRT >JLJM ;;;;;;;;;;;
492215;321094;796331;Psalms;66;15;<LH;hif;;<LWT MXJM ;phrase;;;NP;Objc;complement;NA;direct_object;;;
492215;321094;796332;Psalms;66;15;<LH;hif;;><LH ;phrase;;;VP;Pred;core;regular;NA;;;
492215;321094;796333;Psalms;66;15;<LH;hif;;LK ;phrase;;;PP;Cmpl;complement;NA;indirect_object;;;
492215;321094;796334;Psalms;66;15;<LH;hif;;<M QVRT >JLJM ;phrase;;;PP;Adju;adjunct;NA;NA;;;
492313;321414;-1;Psalms;68;19;<LH;qal;<LJT ;<LJT L  MRWM ;;;;;;;;;;;
492313;321414;796550;Psalms;68;19;<LH;qal;;<LJT ;phrase;;;VP;Pred;core;regular;NA;;;
492313;321414;796551;Psalms;68;19;<LH;qal;;L  MRWM ;phrase;;;PP;Cmpl;complement;NA;L_object;*;;
492580;322254;-1;Psalms;71;20;<LH;hif;T<LNJ ;T<LNJ ;;;;;;;;;;;
492580;322254;797158;Psalms;71;20;<LH;hif;;T<LNJ ;phrase;;;VP;PreO;core;regular;direct_object;;;
492774;323008;-1;Psalms;74;23;<LH;qal;<LH ;<LH TMJD ;;;;;;;;;;;
492774;323008;797676;Psalms;74;23;<LH;qal;;<LH ;phrase;;;VP;PreC;core;regular;NA;;;
492774;323008;797677;Psalms;74;23;<LH;qal;;TMJD ;phrase;;;AdvP;Time;adjunct;NA;NA;;time;time
492969;323700;-1;Psalms;78;21;<LH;qal;<LH ;W GM >P <LH B JFR>L ;;;;;;;;;;;
492969;323700;798157;Psalms;78;21;<LH;qal;;W ;phrase;;;CP;Conj;NA;NA;NA;;NA;NA
492969;323700;798158;Psalms;78;21;<LH;qal;;GM >P ;phrase;;;NP;Subj;core;NA;subject;;;
492969;323700;798159;Psalms;78;21;<LH;qal;;<LH ;phrase;;;VP;Pred;core;regular;NA;;;
492969;323700;798160;Psalms;78;21;<LH;qal;;B JFR>L ;phrase;;;PP;Cmpl;complement;NA;*;;location;location
492989;323793;-1;Psalms;78;31;<LH;qal;<LH ;W >P >LHJM <LH BHM ;;;;;;;;;;;
492989;323793;798224;Psalms;78;31;<LH;qal;;W ;phrase;;;CP;Conj;NA;NA;NA;;NA;NA
492989;323793;798225;Psalms;78;31;<LH;qal;;>P >LHJM ;phrase;;;NP;Subj;core;NA;subject;;;
492989;323793;798226;Psalms;78;31;<LH;qal;;<LH ;phrase;;;VP;Pred;core;regular;NA;;;
492989;323793;798227;Psalms;78;31;<LH;qal;;BHM ;phrase;;;PP;Cmpl;complement;NA;*;;location;location
493227;324685;-1;Psalms;81;11;<LH;hif;M<LK ;H M<LK M >RY MYRJM ;;;;;;;;;;;
493227;324685;798834;Psalms;81;11;<LH;hif;;H ;phrase;;;CP;Rela;NA;NA;NA;;NA;NA
493227;324685;798835;Psalms;81;11;<LH;hif;;M<LK ;phrase;;;VP;PtcO;core;regular;direct_object;;;
493227;324685;798836;Psalms;81;11;<LH;hif;;M >RY MYRJM ;phrase;;;PP;Cmpl;complement;NA;*;;location;location
493977;327314;-1;Psalms;97;9;<LH;nif;N<LJT ;M>D N<LJT <L KL >LHJM ;;;;;;;;;;;
493977;327314;800645;Psalms;97;9;<LH;nif;;M>D ;phrase;;;AdvP;Modi;NA;NA;NA;;NA;NA
493977;327314;800646;Psalms;97;9;<LH;nif;;N<LJT ;phrase;;;VP;Pred;core;regular;NA;;;
493977;327314;800647;Psalms;97;9;<LH;nif;;<L KL >LHJM ;phrase;;;PP;Cmpl;complement;NA;*;;;
494150;327948;-1;Psalms;102;25;<LH;hif;T<LNJ ;>L T<LNJ B XYJ JMJ ;;;;;;;;;;;
494150;327948;801062;Psalms;102;25;<LH;hif;;>L ;phrase;;;NegP;Nega;NA;NA;NA;;NA;NA
494150;327948;801063;Psalms;102;25;<LH;hif;;T<LNJ ;phrase;;;VP;PreO;core;regular;direct_object;;;
494150;327948;801064;Psalms;102;25;<LH;hif;;B XYJ JMJ ;phrase;;;PP;Time;adjunct;NA;NA;;time;time
494239;328288;-1;Psalms;104;8;<LH;qal;J<LW ;J<LW HRJM ;;;;;;;;;;;
494239;328288;801288;Psalms;104;8;<LH;qal;;J<LW ;phrase;;;VP;Pred;core;regular;NA;;;
494239;328288;801289;Psalms;104;8;<LH;qal;;HRJM ;phrase;;;NP;Subj;core;NA;subject;;;
494594;329675;-1;Psalms;107;26;<LH;qal;J<LW ;J<LW CMJM ;;;;;;;;;;;
494594;329675;802214;Psalms;107;26;<LH;qal;;J<LW ;phrase;;;VP;Pred;core;regular;NA;;;
494594;329675;802215;Psalms;107;26;<LH;qal;;CMJM ;phrase;;;NP;Objc;complement;NA;direct_object;;;
495510;332807;-1;Psalms;122;4;<LH;qal;<LW ;C CM <LW CBVJM CBVJ JH ;;;;;;;;;;;
495510;332807;804462;Psalms;122;4;<LH;qal;;C ;phrase;;;CP;Rela;NA;NA;NA;;NA;NA
495510;332807;804463;Psalms;122;4;<LH;qal;;CM ;phrase;;;AdvP;Modi;NA;NA;NA;;NA;NA
495510;332807;804464;Psalms;122;4;<LH;qal;;<LW ;phrase;;;VP;Pred;core;regular;NA;;;
495510;332807;804465;Psalms;122;4;<LH;qal;;CBVJM CBVJ JH ;phrase;;;NP;Subj;core;NA;subject;;;
495686;333458;-1;Psalms;132;3;<LH;qal;><LH ;>M ><LH <L <RF JYW<J ;;;;;;;;;;;
495686;333458;804892;Psalms;132;3;<LH;qal;;>M ;phrase;;;CP;Conj;NA;NA;NA;;NA;NA
495686;333458;804893;Psalms;132;3;<LH;qal;;><LH ;phrase;;;VP;Pred;core;regular;NA;;;
495686;333458;804894;Psalms;132;3;<LH;qal;;<L <RF JYW<J ;phrase;;;PP;Cmpl;complement;NA;*;;;
495756;333745;-1;Psalms;135;7;<LH;hif;M<LH ;M<LH NF>JM M QYH H >RY ;;;;;;;;;;;
495756;333745;805081;Psalms;135;7;<LH;hif;;M<LH ;phrase;;;VP;PreC;core;regular;NA;;;
495756;333745;805082;Psalms;135;7;<LH;hif;;NF>JM ;phrase;;;NP;Objc;complement;NA;direct_object;;;
495756;333745;805083;Psalms;135;7;<LH;hif;;M QYH H >RY ;phrase;;;PP;Cmpl;complement;NA;*;;location;location
495863;334199;-1;Psalms;137;6;<LH;hif;><LH ;>M L> ><LH >T JRWCLM <L R>C FMXTJ ;;;;;;;;;;;
495863;334199;805359;Psalms;137;6;<LH;hif;;>M ;phrase;;;CP;Conj;NA;NA;NA;;NA;NA
495863;334199;805360;Psalms;137;6;<LH;hif;;L> ;phrase;;;NegP;Nega;NA;NA;NA;;NA;NA
495863;334199;805361;Psalms;137;6;<LH;hif;;><LH ;phrase;;;VP;Pred;core;regular;NA;;;
495863;334199;805362;Psalms;137;6;<LH;hif;;>T JRWCLM ;phrase;;;PP;Objc;complement;NA;direct_object;;;
495863;334199;805363;Psalms;137;6;<LH;hif;;<L R>C FMXTJ ;phrase;;;PP;Cmpl;complement;NA;*;;;
496414;336115;-1;Job;1;5;<LH;hif;H<LH ;W H<LH <LWT MSPR KLM ;;;;;;;;;;;
496414;336115;806662;Job;1;5;<LH;hif;;W ;phrase;;;CP;Conj;NA;NA;NA;;NA;NA
496414;336115;806663;Job;1;5;<LH;hif;;H<LH ;phrase;;;VP;Pred;core;regular;NA;;;
496414;336115;806664;Job;1;5;<LH;hif;;<LWT ;phrase;;;NP;Objc;complement;NA;direct_object;;;
496414;336115;806665;Job;1;5;<LH;hif;;MSPR KLM ;phrase;;;NP;Adju;adjunct;NA;NA;;;
496763;337550;-1;Job;5;26;<LH;qal;<LWT ;K <LWT GDJC B <TW ;;;;;;;;;;;
496763;337550;807681;Job;5;26;<LH;qal;;K <LWT ;phrase;;;VP;Pred;core;regular;NA;;;
496763;337550;807682;Job;5;26;<LH;qal;;GDJC ;phrase;;;NP;Subj;core;NA;subject;;;
496763;337550;807683;Job;5;26;<LH;qal;;B <TW ;phrase;;;PP;Adju;adjunct;NA;NA;;;
496815;337725;-1;Job;6;18;<LH;qal;J<LW ;J<LW B  THW ;;;;;;;;;;;
496815;337725;807825;Job;6;18;<LH;qal;;J<LW ;phrase;;;VP;Pred;core;regular;NA;;;
496815;337725;807826;Job;6;18;<LH;qal;;B  THW ;phrase;;;PP;Cmpl;complement;NA;*;;location;location
496880;337929;-1;Job;7;9;<LH;qal;J<LH ;KN L> J<LH ;;;;;;;;;;;
496880;337929;807989;Job;7;9;<LH;qal;;KN ;phrase;;;AdvP;Modi;NA;NA;NA;;NA;NA
496880;337929;807992;Job;7;9;<LH;qal;;L> ;phrase;;;NegP;Nega;NA;NA;NA;;NA;NA
496880;337929;807993;Job;7;9;<LH;qal;;J<LH ;phrase;;;VP;Pred;core;regular;NA;;;
497736;340943;-1;Job;20;6;<LH;qal;J<LH ;>M J<LH L  CMJM FJ>W ;;;;;;;;;;;
497736;340943;810378;Job;20;6;<LH;qal;;>M ;phrase;;;CP;Conj;NA;NA;NA;;NA;NA
497736;340943;810379;Job;20;6;<LH;qal;;J<LH ;phrase;;;VP;Pred;core;regular;NA;;;
497736;340943;810380;Job;20;6;<LH;qal;;L  CMJM ;phrase;;;PP;Cmpl;complement;NA;L_object;*;;
497736;340943;810381;Job;20;6;<LH;qal;;FJ>W ;phrase;;;NP;Subj;core;NA;subject;;;
498864;345072;-1;Job;36;20;<LH;qal;<LWT ;L <LWT <MJM TXTM ;;;;;;;;;;;
498864;345072;813561;Job;36;20;<LH;qal;;L <LWT ;phrase;;;VP;Pred;core;regular;NA;;;
498864;345072;813562;Job;36;20;<LH;qal;;<MJM ;phrase;;;NP;Subj;core;NA;subject;;;
498864;345072;813563;Job;36;20;<LH;qal;;TXTM ;phrase;;;PP;Adju;adjunct;NA;NA;;;
498894;345183;-1;Job;36;33;<LH;qal;<WLH ;MQNH >P <L <WLH ;;;;;;;;;;;
498894;345183;813651;Job;36;33;<LH;qal;;MQNH ;phrase;;;NP;Subj;core;NA;subject;;;
498894;345183;813652;Job;36;33;<LH;qal;;>P ;phrase;;;NP;Objc;complement;NA;direct_object;;;
498894;345183;813653;Job;36;33;<LH;qal;;<L <WLH ;phrase;;;PP;Cmpl;complement;NA;*;;;
499300;346712;-1;Job;42;8;<LH;hif;H<LJTM ;W H<LJTM <WLH B<DKM ;;;;;;;;;;;
499300;346712;814763;Job;42;8;<LH;hif;;W ;phrase;;;CP;Conj;NA;NA;NA;;NA;NA
499300;346712;814764;Job;42;8;<LH;hif;;H<LJTM ;phrase;;;VP;Pred;core;regular;NA;;;
499300;346712;814765;Job;42;8;<LH;hif;;<WLH ;phrase;;;NP;Objc;complement;NA;direct_object;;;
499300;346712;814766;Job;42;8;<LH;hif;;B<DKM ;phrase;;;PP;Adju;adjunct;NA;NA;;;
500367;350706;-1;Proverbs;15;1;<LH;hif;J<LH ;W DBR <YB J<LH >P ;;;;;;;;;;;
500367;350706;817570;Proverbs;15;1;<LH;hif;;W ;phrase;;;CP;Conj;NA;NA;NA;;NA;NA
500367;350706;817571;Proverbs;15;1;<LH;hif;;DBR <YB ;phrase;;;NP;Subj;core;NA;subject;;;
500367;350706;817572;Proverbs;15;1;<LH;hif;;J<LH ;phrase;;;VP;Pred;core;regular;NA;;;
500367;350706;817573;Proverbs;15;1;<LH;hif;;>P ;phrase;;;NP;Objc;complement;NA;direct_object;;;
500866;352610;-1;Proverbs;21;22;<LH;qal;<LH ;<JR GBRJM <LH XKM ;;;;;;;;;;;
500866;352610;818857;Proverbs;21;22;<LH;qal;;<JR GBRJM ;phrase;;;NP;Objc;complement;NA;direct_object;;;
500866;352610;818858;Proverbs;21;22;<LH;qal;;<LH ;phrase;;;VP;Pred;core;regular;NA;;;
500866;352610;818859;Proverbs;21;22;<LH;qal;;XKM ;phrase;;;NP;Subj;core;NA;subject;;;
501147;353662;-1;Proverbs;24;31;<LH;qal;<LH ;<LH KLW QMFNJM ;;;;;;;;;;;
501147;353662;819616;Proverbs;24;31;<LH;qal;;<LH ;phrase;;;VP;Pred;core;regular;NA;;;
501147;353662;819617;Proverbs;24;31;<LH;qal;;KLW ;phrase;;;NP;Subj;core;NA;subject;;;
501147;353662;819618;Proverbs;24;31;<LH;qal;;QMFNJM ;phrase;;;NP;Adju;adjunct;NA;NA;;;
501176;353767;-1;Proverbs;25;7;<LH;qal;<LH ;<LH HNH ;;;;;;;;;;;
501176;353767;819684;Proverbs;25;7;<LH;qal;;<LH ;phrase;;;VP;Pred;core;regular;NA;;;
501176;353767;819685;Proverbs;25;7;<LH;qal;;HNH ;phrase;;;AdvP;Loca;adjunct;NA;NA;;location;location
501251;354091;-1;Proverbs;26;9;<LH;qal;<LH ;XWX <LH B JD CKWR ;;;;;;;;;;;
501251;354091;819878;Proverbs;26;9;<LH;qal;;XWX ;phrase;;;NP;Subj;core;NA;subject;;;
501251;354091;819879;Proverbs;26;9;<LH;qal;;<LH ;phrase;;;VP;Pred;core;regular;NA;;;
501251;354091;819880;Proverbs;26;9;<LH;qal;;B JD CKWR ;phrase;;;PP;Cmpl;complement;NA;*;;location;location
501534;355137;-1;Proverbs;30;4;<LH;qal;<LH ;MJ <LH CMJM ;;;;;;;;;;;
501534;355137;820614;Proverbs;30;4;<LH;qal;;MJ ;phrase;;;IPrP;Subj;core;NA;subject;;;
501534;355137;820615;Proverbs;30;4;<LH;qal;;<LH ;phrase;;;VP;Pred;core;regular;NA;;;
501534;355137;820616;Proverbs;30;4;<LH;qal;;CMJM ;phrase;;;NP;Objc;complement;NA;direct_object;;;
501721;355755;-1;Proverbs;31;29;<LH;qal;<LJT ;W >T <LJT <L KLNH ;;;;;;;;;;;
501721;355755;821065;Proverbs;31;29;<LH;qal;;W ;phrase;;;CP;Conj;NA;NA;NA;;NA;NA
501721;355755;821066;Proverbs;31;29;<LH;qal;;>T ;phrase;;;PPrP;Subj;core;NA;subject;;;
501721;355755;821067;Proverbs;31;29;<LH;qal;;<LJT ;phrase;;;VP;Pred;core;regular;NA;;;
501721;355755;821068;Proverbs;31;29;<LH;qal;;<L KLNH ;phrase;;;PP;Cmpl;complement;NA;*;;;
502086;357112;-1;Ruth;4;1;<LH;qal;<LH ;W B<Z <LH H C<R ;;;;;;;;;;;
502086;357112;822063;Ruth;4;1;<LH;qal;;W ;phrase;;;CP;Conj;NA;NA;NA;;NA;NA
502086;357112;822064;Ruth;4;1;<LH;qal;;B<Z ;phrase;;;PrNP;Subj;core;NA;subject;;;
502086;357112;822065;Ruth;4;1;<LH;qal;;<LH ;phrase;;;VP;Pred;core;regular;NA;;;
502086;357112;822066;Ruth;4;1;<LH;qal;;H C<R ;phrase;;;NP;Cmpl;complement;NA;*;;location;location
502334;358116;-1;Song_of_songs;3;6;<LH;qal;<LH ;MJ Z>T <LH MN H MDBR K TJMRWT <CN ;;;;;;;;;;;
502334;358116;822722;Song_of_songs;3;6;<LH;qal;;MJ Z>T ;phrase;;;IPrP;Subj;core;NA;subject;;;
502334;358116;822723;Song_of_songs;3;6;<LH;qal;;<LH ;phrase;;;VP;PreC;core;regular;NA;;;
502334;358116;822724;Song_of_songs;3;6;<LH;qal;;MN H MDBR ;phrase;;;PP;Cmpl;complement;NA;*;;location;location
502334;358116;822725;Song_of_songs;3;6;<LH;qal;;K TJMRWT <CN ;phrase;;;PP;Adju;adjunct;NA;NA;;;
502360;358231;-1;Song_of_songs;4;2;<LH;qal;<LW ;C <LW MN H RXYH ;;;;;;;;;;;
502360;358231;822784;Song_of_songs;4;2;<LH;qal;;C ;phrase;;;CP;Rela;NA;NA;NA;;NA;NA
502360;358231;822785;Song_of_songs;4;2;<LH;qal;;<LW ;phrase;;;VP;Pred;core;regular;NA;;;
502360;358231;822786;Song_of_songs;4;2;<LH;qal;;MN H RXYH ;phrase;;;PP;Cmpl;complement;NA;*;;;
502510;358749;-1;Song_of_songs;6;6;<LH;qal;<LW ;C <LW MN H RXYH ;;;;;;;;;;;
502510;358749;823109;Song_of_songs;6;6;<LH;qal;;C ;phrase;;;CP;Rela;NA;NA;NA;;NA;NA
502510;358749;823110;Song_of_songs;6;6;<LH;qal;;<LW ;phrase;;;VP;Pred;core;regular;NA;;;
502510;358749;823111;Song_of_songs;6;6;<LH;qal;;MN H RXYH ;phrase;;;PP;Cmpl;complement;NA;*;;;
502564;358954;-1;Song_of_songs;7;9;<LH;qal;><LH ;><LH B TMR ;;;;;;;;;;;
502564;358954;823230;Song_of_songs;7;9;<LH;qal;;><LH ;phrase;;;VP;Pred;core;regular;NA;;;
502564;358954;823231;Song_of_songs;7;9;<LH;qal;;B TMR ;phrase;;;PP;Cmpl;complement;NA;*;;location;location
502603;359092;-1;Song_of_songs;8;5;<LH;qal;<LH ;MJ Z>T <LH MN H MDBR ;;;;;;;;;;;
502603;359092;823319;Song_of_songs;8;5;<LH;qal;;MJ Z>T ;phrase;;;IPrP;Subj;core;NA;subject;;;
502603;359092;823320;Song_of_songs;8;5;<LH;qal;;<LH ;phrase;;;VP;PreC;core;regular;NA;;;
502603;359092;823321;Song_of_songs;8;5;<LH;qal;;MN H MDBR ;phrase;;;PP;Cmpl;complement;NA;*;;location;location
502969;360495;-1;Ecclesiastes;3;21;<LH;qal;<LH ;H <LH ;;;;;;;;;;;
502969;360495;824213;Ecclesiastes;3;21;<LH;qal;;H ;phrase;;;CP;Rela;NA;NA;NA;;NA;NA
502969;360495;824214;Ecclesiastes;3;21;<LH;qal;;<LH ;phrase;;;VP;PreC;core;regular;NA;;;
503481;362784;-1;Ecclesiastes;10;4;<LH;qal;T<LH ;>M RWX H MWCL T<LH <LJK ;;;;;;;;;;;
503481;362784;825686;Ecclesiastes;10;4;<LH;qal;;>M ;phrase;;;CP;Conj;NA;NA;NA;;NA;NA
503481;362784;825687;Ecclesiastes;10;4;<LH;qal;;RWX H MWCL ;phrase;;;NP;Subj;core;NA;subject;;;
503481;362784;825688;Ecclesiastes;10;4;<LH;qal;;T<LH ;phrase;;;VP;Pred;core;regular;NA;;;
503481;362784;825689;Ecclesiastes;10;4;<LH;qal;;<LJK ;phrase;;;PP;Cmpl;complement;NA;*;;;
503720;363776;-1;Lamentations;1;14;<LH;qal;<LW ;<LW <L YW>RJ ;;;;;;;;;;;
503720;363776;826354;Lamentations;1;14;<LH;qal;;<LW ;phrase;;;VP;Pred;core;regular;NA;;;
503720;363776;826355;Lamentations;1;14;<LH;qal;;<L YW>RJ ;phrase;;;PP;Cmpl;complement;NA;*;;;
503816;364156;-1;Lamentations;2;10;<LH;hif;H<LW ;H<LW <PR <L R>CM ;;;;;;;;;;;
503816;364156;826618;Lamentations;2;10;<LH;hif;;H<LW ;phrase;;;VP;Pred;core;regular;NA;;;
503816;364156;826619;Lamentations;2;10;<LH;hif;;<PR ;phrase;;;NP;Objc;complement;NA;direct_object;;;
503816;364156;826620;Lamentations;2;10;<LH;hif;;<L R>CM ;phrase;;;PP;Cmpl;complement;NA;*;;;
506016;375237;-1;Daniel;8;3;<LH;qal;<LH ;W H GBHH <LH B  >XRNH ;;;;;;;;;;;
506016;375237;833087;Daniel;8;3;<LH;qal;;W ;phrase;;;CP;Conj;NA;NA;NA;;NA;NA
506016;375237;833088;Daniel;8;3;<LH;qal;;H GBHH ;phrase;;;NP;Subj;core;NA;subject;;;
506016;375237;833089;Daniel;8;3;<LH;qal;;<LH ;phrase;;;VP;PreC;core;regular;NA;;;
506016;375237;833090;Daniel;8;3;<LH;qal;;B  >XRNH ;phrase;;;PP;Adju;adjunct;NA;NA;;;
506045;375381;-1;Daniel;8;8;<LH;qal;T<LNH ;W T<LNH XZWT >RB< TXTJH L >RB< RWXWT H CMJM ;;;;;;;;;;;
506045;375381;833177;Daniel;8;8;<LH;qal;;W ;phrase;;;CP;Conj;NA;NA;NA;;NA;NA
506045;375381;833178;Daniel;8;8;<LH;qal;;T<LNH ;phrase;;;VP;Pred;core;regular;NA;;;
506045;375381;833179;Daniel;8;8;<LH;qal;;XZWT >RB< ;phrase;;;NP;Subj;core;NA;subject;;;
506045;375381;833180;Daniel;8;8;<LH;qal;;TXTJH ;phrase;;;PP;Cmpl;complement;NA;*;;location;location
506045;375381;833181;Daniel;8;8;<LH;qal;;L >RB< RWXWT H CMJM ;phrase;;;PP;Adju;adjunct;NA;NA;;;
506482;377390;-1;Daniel;11;23;<LH;qal;<LH ;W <LH ;;;;;;;;;;;
506482;377390;834414;Daniel;11;23;<LH;qal;;W ;phrase;;;CP;Conj;NA;NA;NA;;NA;NA
506482;377390;834415;Daniel;11;23;<LH;qal;;<LH ;phrase;;;VP;Pred;core;regular;NA;;;
506647;378207;-1;Ezra;1;3;<LH;qal;J<L ;W J<L L JRWCLM ;;;;;;;;;;;
506647;378207;834891;Ezra;1;3;<LH;qal;;W ;phrase;;;CP;Conj;NA;NA;NA;;NA;NA
506647;378207;834892;Ezra;1;3;<LH;qal;;J<L ;phrase;;;VP;Pred;core;regular;NA;;;
506647;378207;834893;Ezra;1;3;<LH;qal;;L JRWCLM ;phrase;;;PP;Cmpl;complement;NA;L_object;*;;
506659;378285;-1;Ezra;1;5;<LH;qal;<LWT ;L <LWT ;;;;;;;;;;;
506659;378285;834925;Ezra;1;5;<LH;qal;;L <LWT ;phrase;;;VP;Pred;core;regular;NA;;;
506659;378285;506660;Ezra;1;5;<LH;qal;;L BNWT >T BJT JHWH ;clause;InfC;Adju;;;NA;NA;;;;
506677;378401;-1;Ezra;1;11;<LH;hif;H<LH ;H KL H<LH CCBYR ;;;;;;;;;;;
506677;378401;834966;Ezra;1;11;<LH;hif;;H KL ;phrase;;;NP;Objc;complement;NA;direct_object;;;
506677;378401;834967;Ezra;1;11;<LH;hif;;H<LH ;phrase;;;VP;Pred;core;regular;NA;;;
506677;378401;834968;Ezra;1;11;<LH;hif;;CCBYR ;phrase;;;PrNP;Subj;core;NA;subject;;;
506677;378401;506678;Ezra;1;11;<LH;hif;;<M H<LWT H GWLH M BBL L JRWCLM ;clause;InfC;Adju;;;NA;NA;;;;
506678;378404;-1;Ezra;1;11;<LH;nif;H<LWT ;<M H<LWT H GWLH M BBL L JRWCLM ;;;;;;;;;;;
506678;378404;834969;Ezra;1;11;<LH;nif;;<M H<LWT ;phrase;;;VP;Pred;core;regular;NA;;;
506678;378404;834970;Ezra;1;11;<LH;nif;;H GWLH ;phrase;;;NP;Subj;core;NA;subject;;;
506678;378404;834971;Ezra;1;11;<LH;nif;;M BBL ;phrase;;;PP;Cmpl;complement;NA;*;;location;location
506678;378404;834972;Ezra;1;11;<LH;nif;;L JRWCLM ;phrase;;;PP;Cmpl;complement;NA;L_object;*;;
506680;378417;-1;Ezra;2;1;<LH;qal;<LJM ;H <LJM M CBJ H GWLH ;;;;;;;;;;;
506680;378417;834976;Ezra;2;1;<LH;qal;;H ;phrase;;;CP;Rela;NA;NA;NA;;NA;NA
506680;378417;834977;Ezra;2;1;<LH;qal;;<LJM ;phrase;;;VP;PreC;core;regular;NA;;;
506680;378417;834978;Ezra;2;1;<LH;qal;;M CBJ H GWLH ;phrase;;;PP;Cmpl;complement;NA;*;;;
506747;378874;-1;Ezra;2;59;<LH;qal;<LJM ;H <LJM M TL_MLX TL_XRC> KRWB >DN >MR ;;;;;;;;;;;
506747;378874;835098;Ezra;2;59;<LH;qal;;H ;phrase;;;CP;Rela;NA;NA;NA;;NA;NA
506747;378874;835099;Ezra;2;59;<LH;qal;;<LJM ;phrase;;;VP;PreC;core;regular;NA;;;
506747;378874;835100;Ezra;2;59;<LH;qal;;M TL_MLX TL_XRC> KRWB >DN >MR ;phrase;;;PP;Cmpl;complement;NA;*;;location;location
506782;379131;-1;Ezra;3;2;<LH;hif;H<LWT ;L H<LWT <LJW <LWT K  KTWB B TWRT MCH >JC H >LHJM ;;;;;;;;;;;
506782;379131;835198;Ezra;3;2;<LH;hif;;L H<LWT ;phrase;;;VP;Pred;core;regular;NA;;;
506782;379131;835199;Ezra;3;2;<LH;hif;;<LJW ;phrase;;;PP;Adju;adjunct;NA;NA;;;
506782;379131;835200;Ezra;3;2;<LH;hif;;<LWT ;phrase;;;NP;Objc;complement;NA;direct_object;;;
506782;379131;835201;Ezra;3;2;<LH;hif;;K  KTWB B TWRT MCH >JC H >LHJM ;phrase;;;PP;Adju;adjunct;NA;NA;;;
506785;379158;-1;Ezra;3;3;<LH;hif;J<L ;W J<L <LJW <LWT L JHWH ;;;;;;;;;;;
506785;379158;835210;Ezra;3;3;<LH;hif;;W ;phrase;;;CP;Conj;NA;NA;NA;;NA;NA
506785;379158;835211;Ezra;3;3;<LH;hif;;J<L ;phrase;;;VP;Pred;core;regular;NA;;;
506785;379158;835212;Ezra;3;3;<LH;hif;;<LJW ;phrase;;;PP;Adju;adjunct;NA;NA;;;
506785;379158;835213;Ezra;3;3;<LH;hif;;<LWT L JHWH ;phrase;;;NP;Objc;complement;NA;direct_object;;;
506794;379226;-1;Ezra;3;6;<LH;hif;H<LWT ;L H<LWT <LWT L JHWH ;;;;;;;;;;;
506794;379226;835236;Ezra;3;6;<LH;hif;;L H<LWT ;phrase;;;VP;Pred;core;regular;NA;;;
506794;379226;835237;Ezra;3;6;<LH;hif;;<LWT ;phrase;;;NP;Objc;complement;NA;principal_direct_object;;;
506794;379226;835238;Ezra;3;6;<LH;hif;;L JHWH ;phrase;;;PP;Cmpl;complement;NA;L_object;*;;
506836;379542;-1;Ezra;4;2;<LH;hif;M<LH ;H M<LH >TNW PH ;;;;;;;;;;;
506836;379542;835372;Ezra;4;2;<LH;hif;;H ;phrase;;;CP;Rela;NA;NA;NA;;NA;NA
506836;379542;835373;Ezra;4;2;<LH;hif;;M<LH ;phrase;;;VP;PreC;core;regular;NA;;;
506836;379542;835374;Ezra;4;2;<LH;hif;;>TNW ;phrase;;;PP;Objc;complement;NA;direct_object;;;
506836;379542;835375;Ezra;4;2;<LH;hif;;PH ;phrase;;;AdvP;Loca;adjunct;NA;NA;;location;location
507092;380985;-1;Ezra;7;6;<LH;qal;<LH ;HW> <ZR> <LH M BBL ;;;;;;;;;;;
507092;380985;836150;Ezra;7;6;<LH;qal;;HW> <ZR> ;phrase;;;PPrP;Subj;core;NA;subject;;;
507092;380985;836151;Ezra;7;6;<LH;qal;;<LH ;phrase;;;VP;Pred;core;regular;NA;;;
507092;380985;836152;Ezra;7;6;<LH;qal;;M BBL ;phrase;;;PP;Cmpl;complement;NA;*;;location;location
507096;381013;-1;Ezra;7;7;<LH;qal;J<LW ;W J<LW M BNJ JFR>L W MN H KHNJM W H LWJM W H MCRRJM W H C<RJM W H NTJNJM >L JRWCLM B CNT CB< L >RTXCST> H MLK ;;;;;;;;;;;
507096;381013;836165;Ezra;7;7;<LH;qal;;W ;phrase;;;CP;Conj;NA;NA;NA;;NA;NA
507096;381013;836166;Ezra;7;7;<LH;qal;;J<LW ;phrase;;;VP;Pred;core;regular;NA;;;
507096;381013;836167;Ezra;7;7;<LH;qal;;M BNJ JFR>L W MN H KHNJM W H LWJM W H MCRRJM W H C<RJM W H NTJNJM ;phrase;;;PP;Subj;core;NA;subject;;;
507096;381013;836168;Ezra;7;7;<LH;qal;;>L JRWCLM ;phrase;;;PP;Cmpl;complement;NA;*;;location;location
507096;381013;836169;Ezra;7;7;<LH;qal;;B CNT CB< L >RTXCST> H MLK ;phrase;;;PP;Time;adjunct;NA;NA;;time;time
507170;381520;-1;Ezra;7;28;<LH;qal;<LWT ;L <LWT <MJ ;;;;;;;;;;;
507170;381520;836382;Ezra;7;28;<LH;qal;;L <LWT ;phrase;;;VP;Pred;core;regular;NA;;;
507170;381520;836383;Ezra;7;28;<LH;qal;;<MJ ;phrase;;;PP;Cmpl;complement;NA;*;;;
507173;381529;-1;Ezra;8;1;<LH;qal;<LJM ;H <LJM <MJ B MLKWT >RTXCST> H MLK M BBL ;;;;;;;;;;;
507173;381529;836389;Ezra;8;1;<LH;qal;;H ;phrase;;;CP;Rela;NA;NA;NA;;NA;NA
507173;381529;836390;Ezra;8;1;<LH;qal;;<LJM ;phrase;;;VP;PreC;core;regular;NA;;;
507173;381529;836391;Ezra;8;1;<LH;qal;;<MJ ;phrase;;;PP;Adju;adjunct;NA;NA;;;
507173;381529;836392;Ezra;8;1;<LH;qal;;B MLKWT >RTXCST> H MLK ;phrase;;;PP;Adju;adjunct;NA;NA;;;
507173;381529;836393;Ezra;8;1;<LH;qal;;M BBL ;phrase;;;PP;Cmpl;complement;NA;*;;location;location
507585;384068;-1;Nehemiah;2;15;<LH;qal;<LH ;W >HJ <LH B  NXL LJLH ;;;;;;;;;;;
507585;384068;837624;Nehemiah;2;15;<LH;qal;;W ;phrase;;;CP;Conj;NA;NA;NA;;NA;NA
507585;384068;837625;Nehemiah;2;15;<LH;qal;;>HJ ;phrase;;;VP;Pred;core;regular;NA;;;
507585;384068;837626;Nehemiah;2;15;<LH;qal;;<LH ;phrase;;;VP;PreC;core;regular;NA;;;
507585;384068;837627;Nehemiah;2;15;<LH;qal;;B  NXL ;phrase;;;PP;Cmpl;complement;NA;*;;location;location
507585;384068;837628;Nehemiah;2;15;<LH;qal;;LJLH ;phrase;;;AdvP;Time;adjunct;NA;NA;;time;time
507672;384631;-1;Nehemiah;3;19;<LH;qal;<LT ;M NGD <LT H NCQ H MQY< ;;;;;;;;;;;
507672;384631;837902;Nehemiah;3;19;<LH;qal;;M NGD <LT ;phrase;;;VP;Pred;core;regular;NA;;;
507672;384631;837903;Nehemiah;3;19;<LH;qal;;H NCQ H MQY< ;phrase;;;NP;Cmpl;complement;NA;*;;;
507713;384941;-1;Nehemiah;3;35;<LH;qal;J<LH ;>M J<LH CW<L ;;;;;;;;;;;
507713;384941;838037;Nehemiah;3;35;<LH;qal;;>M ;phrase;;;CP;Conj;NA;NA;NA;;NA;NA
507713;384941;838038;Nehemiah;3;35;<LH;qal;;J<LH ;phrase;;;VP;Pred;core;regular;NA;;;
507713;384941;838039;Nehemiah;3;35;<LH;qal;;CW<L ;phrase;;;NP;Subj;core;NA;subject;;;
507729;385020;-1;Nehemiah;4;1;<LH;qal;<LTH ;KJ <LTH >RWKH L XMWT JRWCLM ;;;;;;;;;;;
507729;385020;838085;Nehemiah;4;1;<LH;qal;;KJ ;phrase;;;CP;Conj;NA;NA;NA;;NA;NA
507729;385020;838086;Nehemiah;4;1;<LH;qal;;<LTH ;phrase;;;VP;Pred;core;regular;NA;;;
507729;385020;838087;Nehemiah;4;1;<LH;qal;;>RWKH ;phrase;;;NP;Subj;core;NA;subject;;;
507729;385020;838088;Nehemiah;4;1;<LH;qal;;L XMWT JRWCLM ;phrase;;;PP;Adju;adjunct;NA;NA;;;
507793;385347;-1;Nehemiah;4;15;<LH;qal;<LWT ;M <LWT H CXR ;;;;;;;;;;;
507793;385347;838273;Nehemiah;4;15;<LH;qal;;M <LWT ;phrase;;;VP;Pred;core;regular;NA;;;
507793;385347;838274;Nehemiah;4;15;<LH;qal;;H CXR ;phrase;;;NP;Subj;core;NA;subject;;;
507793;385347;507794;Nehemiah;4;15;<LH;qal;;<D Y>T H KWKBJM ;clause;InfC;Coor;;;NA;NA;;;;
508011;386452;-1;Nehemiah;7;5;<LH;qal;<WLJM ;H <WLJM B  R>CWNH ;;;;;;;;;;;
508011;386452;838920;Nehemiah;7;5;<LH;qal;;H ;phrase;;;CP;Rela;NA;NA;NA;;NA;NA
508011;386452;838921;Nehemiah;7;5;<LH;qal;;<WLJM ;phrase;;;VP;PreC;core;regular;NA;;;
508011;386452;838922;Nehemiah;7;5;<LH;qal;;B  R>CWNH ;phrase;;;PP;Adju;adjunct;NA;NA;;;
508015;386465;-1;Nehemiah;7;6;<LH;qal;<LJM ;H <LJM M CBJ H GWLH ;;;;;;;;;;;
508015;386465;838929;Nehemiah;7;6;<LH;qal;;H ;phrase;;;CP;Rela;NA;NA;NA;;NA;NA
508015;386465;838930;Nehemiah;7;6;<LH;qal;;<LJM ;phrase;;;VP;PreC;core;regular;NA;;;
508015;386465;838931;Nehemiah;7;6;<LH;qal;;M CBJ H GWLH ;phrase;;;PP;Cmpl;complement;NA;*;;;
508079;386906;-1;Nehemiah;7;61;<LH;qal;<WLJM ;H <WLJM M TL_MLX TL_XRC> KRWB >DWN W >MR ;;;;;;;;;;;
508079;386906;839044;Nehemiah;7;61;<LH;qal;;H ;phrase;;;CP;Rela;NA;NA;NA;;NA;NA
508079;386906;839045;Nehemiah;7;61;<LH;qal;;<WLJM ;phrase;;;VP;PreC;core;regular;NA;;;
508079;386906;839046;Nehemiah;7;61;<LH;qal;;M TL_MLX TL_XRC> KRWB >DWN W >MR ;phrase;;;PP;Cmpl;complement;NA;*;;location;location
508273;388162;-1;Nehemiah;9;18;<LH;hif;H<LK ;>CR H<LK M MYRJM ;;;;;;;;;;;
508273;388162;839624;Nehemiah;9;18;<LH;hif;;>CR ;phrase;;;CP;Rela;NA;NA;NA;;NA;NA
508273;388162;839625;Nehemiah;9;18;<LH;hif;;H<LK ;phrase;;;VP;PreO;core;regular;direct_object;;;
508273;388162;839626;Nehemiah;9;18;<LH;hif;;M MYRJM ;phrase;;;PP;Cmpl;complement;NA;*;;location;location
508448;389154;-1;Nehemiah;10;39;<LH;hif;J<LW ;W H LWJM J<LW >T M<FR H M<FR L BJT >LHJNW >L H LCKWT L BJT H >WYR ;;;;;;;;;;;
508448;389154;840108;Nehemiah;10;39;<LH;hif;;W ;phrase;;;CP;Conj;NA;NA;NA;;NA;NA
508448;389154;840109;Nehemiah;10;39;<LH;hif;;H LWJM ;phrase;;;NP;Subj;core;NA;subject;;;
508448;389154;840110;Nehemiah;10;39;<LH;hif;;J<LW ;phrase;;;VP;Pred;core;regular;NA;;;
508448;389154;840111;Nehemiah;10;39;<LH;hif;;>T M<FR H M<FR ;phrase;;;PP;Objc;complement;NA;principal_direct_object;;;
508448;389154;840112;Nehemiah;10;39;<LH;hif;;L BJT >LHJNW ;phrase;;;PP;Cmpl;complement;NA;L_object;*;;
508448;389154;840113;Nehemiah;10;39;<LH;hif;;>L H LCKWT L BJT H >WYR ;phrase;;;PP;Adju;adjunct;NA;NA;;;
508524;389768;-1;Nehemiah;12;1;<LH;qal;<LW ;>CR <LW <M ZRBBL BN C>LTJ>L W JCW< ;;;;;;;;;;;
508524;389768;840301;Nehemiah;12;1;<LH;qal;;>CR ;phrase;;;CP;Rela;NA;NA;NA;;NA;NA
508524;389768;840302;Nehemiah;12;1;<LH;qal;;<LW ;phrase;;;VP;Pred;core;regular;NA;;;
508524;389768;840303;Nehemiah;12;1;<LH;qal;;<M ZRBBL BN C>LTJ>L W JCW< ;phrase;;;PP;Adju;adjunct;NA;NA;;;
508587;390111;-1;Nehemiah;12;31;<LH;hif;><LH ;W ><LH >T FRJ JHWDH M <L L  XWMH ;;;;;;;;;;;
508587;390111;840450;Nehemiah;12;31;<LH;hif;;W ;phrase;;;CP;Conj;NA;NA;NA;;NA;NA
508587;390111;840451;Nehemiah;12;31;<LH;hif;;><LH ;phrase;;;VP;Pred;core;regular;NA;;;
508587;390111;840452;Nehemiah;12;31;<LH;hif;;>T FRJ JHWDH ;phrase;;;PP;Objc;complement;NA;direct_object;;;
508587;390111;840453;Nehemiah;12;31;<LH;hif;;M <L L  XWMH ;phrase;;;PP;Cmpl;complement;NA;*;;;
508597;390211;-1;Nehemiah;12;37;<LH;qal;<LW ;W NGDM <LW <L M<LWT <JR DWJD B  M<LH L  XWMH M <L L BJT DWJD W <D C<R H MJM MZRX ;;;;;;;;;;;
508597;390211;840481;Nehemiah;12;37;<LH;qal;;W ;phrase;;;CP;Conj;NA;NA;NA;;NA;NA
508597;390211;840482;Nehemiah;12;37;<LH;qal;;NGDM ;phrase;;;PP;Loca;adjunct;NA;NA;;location;location
508597;390211;840483;Nehemiah;12;37;<LH;qal;;<LW ;phrase;;;VP;Pred;core;regular;NA;;;
508597;390211;840484;Nehemiah;12;37;<LH;qal;;<L M<LWT <JR DWJD ;phrase;;;PP;Cmpl;complement;NA;*;;location;location
508597;390211;840485;Nehemiah;12;37;<LH;qal;;B  M<LH L  XWMH ;phrase;;;PP;Adju;adjunct;NA;NA;;;
508597;390211;840486;Nehemiah;12;37;<LH;qal;;M <L L BJT DWJD W <D C<R H MJM MZRX ;phrase;;;PP;Adju;adjunct;NA;NA;;;
509618;397115;-1;1_Chronicles;11;6;<LH;qal;J<L ;W J<L B  R>CWNH JW>B BN YRWJH ;;;;;;;;;;;
509618;397115;843445;1_Chronicles;11;6;<LH;qal;;W ;phrase;;;CP;Conj;NA;NA;NA;;NA;NA
509618;397115;843446;1_Chronicles;11;6;<LH;qal;;J<L ;phrase;;;VP;Pred;core;regular;NA;;;
509618;397115;843447;1_Chronicles;11;6;<LH;qal;;B  R>CWNH ;phrase;;;PP;Adju;adjunct;NA;NA;;;
509618;397115;843448;1_Chronicles;11;6;<LH;qal;;JW>B BN YRWJH ;phrase;;;PrNP;Subj;core;NA;subject;;;
509857;398552;-1;1_Chronicles;13;6;<LH;qal;J<L ;W J<L DWJD W KL JFR>L B<LTH >L QRJT_J<RJM ;;;;;;;;;;;
509857;398552;844095;1_Chronicles;13;6;<LH;qal;;W ;phrase;;;CP;Conj;NA;NA;NA;;NA;NA
509857;398552;844096;1_Chronicles;13;6;<LH;qal;;J<L ;phrase;;;VP;Pred;core;regular;NA;;;
509857;398552;844097;1_Chronicles;13;6;<LH;qal;;DWJD W KL JFR>L ;phrase;;;PrNP;Subj;core;NA;subject;;;
509857;398552;844098;1_Chronicles;13;6;<LH;qal;;B<LTH >L QRJT_J<RJM ;phrase;;;AdvP;Cmpl;complement;NA;*;;location;location
509857;398552;509859;1_Chronicles;13;6;<LH;qal;;L H<LWT M CM >T >RWN H >LHJM JHWH ;clause;InfC;Adju;;;NA;NA;;;;
509859;398564;-1;1_Chronicles;13;6;<LH;hif;H<LWT ;L H<LWT M CM >T >RWN H >LHJM JHWH ;;;;;;;;;;;
509859;398564;844101;1_Chronicles;13;6;<LH;hif;;L H<LWT ;phrase;;;VP;Pred;core;regular;NA;;;
509859;398564;844102;1_Chronicles;13;6;<LH;hif;;M CM ;phrase;;;PP;Cmpl;complement;NA;*;;location;location
509859;398564;844103;1_Chronicles;13;6;<LH;hif;;>T >RWN H >LHJM JHWH ;phrase;;;PP;Objc;complement;NA;direct_object;;;
509901;398853;-1;1_Chronicles;14;8;<LH;qal;J<LW ;W J<LW KL PLCTJM ;;;;;;;;;;;
509901;398853;844250;1_Chronicles;14;8;<LH;qal;;W ;phrase;;;CP;Conj;NA;NA;NA;;NA;NA
509901;398853;844251;1_Chronicles;14;8;<LH;qal;;J<LW ;phrase;;;VP;Pred;core;regular;NA;;;
509901;398853;844252;1_Chronicles;14;8;<LH;qal;;KL PLCTJM ;phrase;;;NP;Subj;core;NA;subject;;;
509901;398853;509902;1_Chronicles;14;8;<LH;qal;;L BQC >T DWJD ;clause;InfC;Adju;;;NA;NA;;;;
509909;398883;-1;1_Chronicles;14;10;<LH;qal;><LH ;H ><LH <L PLCTJJM ;;;;;;;;;;;
509909;398883;844272;1_Chronicles;14;10;<LH;qal;;H ;phrase;;;InrP;Ques;NA;NA;NA;;NA;NA
509909;398883;844273;1_Chronicles;14;10;<LH;qal;;><LH ;phrase;;;VP;Pred;core;regular;NA;;;
509909;398883;844274;1_Chronicles;14;10;<LH;qal;;<L PLCTJJM ;phrase;;;PP;Cmpl;complement;NA;*;;;
509912;398894;-1;1_Chronicles;14;10;<LH;qal;<LH ;<LH ;;;;;;;;;;;
509912;398894;844282;1_Chronicles;14;10;<LH;qal;;<LH ;phrase;;;VP;Pred;core;regular;NA;;;
509914;398900;-1;1_Chronicles;14;11;<LH;qal;J<LW ;W J<LW B B<L_PRYJM ;;;;;;;;;;;
509914;398900;844286;1_Chronicles;14;11;<LH;qal;;W ;phrase;;;CP;Conj;NA;NA;NA;;NA;NA
509914;398900;844287;1_Chronicles;14;11;<LH;qal;;J<LW ;phrase;;;VP;Pred;core;regular;NA;;;
509914;398900;844288;1_Chronicles;14;11;<LH;qal;;B B<L_PRYJM ;phrase;;;PP;Cmpl;complement;NA;*;;location;location
509926;398963;-1;1_Chronicles;14;14;<LH;qal;T<LH ;L> T<LH >XRJHM ;;;;;;;;;;;
509926;398963;844331;1_Chronicles;14;14;<LH;qal;;L> ;phrase;;;NegP;Nega;NA;NA;NA;;NA;NA
509926;398963;844332;1_Chronicles;14;14;<LH;qal;;T<LH ;phrase;;;VP;Pred;core;regular;NA;;;
509926;398963;844333;1_Chronicles;14;14;<LH;qal;;>XRJHM ;phrase;;;PP;Cmpl;complement;NA;*;;location;location
509949;399093;-1;1_Chronicles;15;3;<LH;hif;H<LWT ;L H<LWT >T >RWN JHWH >L MQWMW ;;;;;;;;;;;
509949;399093;844407;1_Chronicles;15;3;<LH;hif;;L H<LWT ;phrase;;;VP;Pred;core;regular;NA;;;
509949;399093;844408;1_Chronicles;15;3;<LH;hif;;>T >RWN JHWH ;phrase;;;PP;Objc;complement;NA;direct_object;;;
509949;399093;844409;1_Chronicles;15;3;<LH;hif;;>L MQWMW ;phrase;;;PP;Cmpl;complement;NA;*;;location;location
509968;399214;-1;1_Chronicles;15;12;<LH;hif;H<LJTM ;W H<LJTM >T >RWN JHWH >LHJ JFR>L ;;;;;;;;;;;
509968;399214;844464;1_Chronicles;15;12;<LH;hif;;W ;phrase;;;CP;Conj;NA;NA;NA;;NA;NA
509968;399214;844465;1_Chronicles;15;12;<LH;hif;;H<LJTM ;phrase;;;VP;Pred;core;regular;NA;;;
509968;399214;844466;1_Chronicles;15;12;<LH;hif;;>T >RWN JHWH >LHJ JFR>L ;phrase;;;PP;Objc;complement;NA;direct_object;;;
509974;399249;-1;1_Chronicles;15;14;<LH;hif;H<LWT ;L H<LWT >T >RWN JHWH >LHJ JFR>L ;;;;;;;;;;;
509974;399249;844483;1_Chronicles;15;14;<LH;hif;;L H<LWT ;phrase;;;VP;Pred;core;regular;NA;;;
509974;399249;844484;1_Chronicles;15;14;<LH;hif;;>T >RWN JHWH >LHJ JFR>L ;phrase;;;PP;Objc;complement;NA;direct_object;;;
510000;399477;-1;1_Chronicles;15;25;<LH;hif;H<LWT ;L H<LWT >T >RWN BRJT JHWH MN BJT <BD_>DM B FMXH ;;;;;;;;;;;
510000;399477;844557;1_Chronicles;15;25;<LH;hif;;L H<LWT ;phrase;;;VP;Pred;core;regular;NA;;;
510000;399477;844558;1_Chronicles;15;25;<LH;hif;;>T >RWN BRJT JHWH ;phrase;;;PP;Objc;complement;NA;direct_object;;;
510000;399477;844559;1_Chronicles;15;25;<LH;hif;;MN BJT <BD_>DM ;phrase;;;PP;Cmpl;complement;NA;*;;location;location
510000;399477;844560;1_Chronicles;15;25;<LH;hif;;B FMXH ;phrase;;;PP;Adju;adjunct;NA;NA;;;
510010;399541;-1;1_Chronicles;15;28;<LH;hif;M<LJM ;W KL JFR>L M<LJM >T >RWN BRJT JHWH B TRW<H W B QWL CWPR W B XYYRWT W B MYLTJM ;;;;;;;;;;;
510010;399541;844585;1_Chronicles;15;28;<LH;hif;;W ;phrase;;;CP;Conj;NA;NA;NA;;NA;NA
510010;399541;844586;1_Chronicles;15;28;<LH;hif;;KL JFR>L ;phrase;;;NP;Subj;core;NA;subject;;;
510010;399541;844587;1_Chronicles;15;28;<LH;hif;;M<LJM ;phrase;;;VP;PreC;core;regular;NA;;;
510010;399541;844588;1_Chronicles;15;28;<LH;hif;;>T >RWN BRJT JHWH ;phrase;;;PP;Objc;complement;NA;direct_object;;;
510010;399541;844589;1_Chronicles;15;28;<LH;hif;;B TRW<H W B QWL CWPR W B XYYRWT W B MYLTJM ;phrase;;;PP;Adju;adjunct;NA;NA;;;
510024;399624;-1;1_Chronicles;16;2;<LH;hif;H<LWT ;M H<LWT H <LH W H CLMJM ;;;;;;;;;;;
510024;399624;844629;1_Chronicles;16;2;<LH;hif;;M H<LWT ;phrase;;;VP;Pred;core;regular;NA;;;
510024;399624;844630;1_Chronicles;16;2;<LH;hif;;H <LH W H CLMJM ;phrase;;;NP;Objc;complement;NA;direct_object;;;
510128;400127;-1;1_Chronicles;16;40;<LH;hif;H<LWT ;L H<LWT <LWT L JHWH <L MZBX H <LH TMJD L  BQR W L  <RB ;;;;;;;;;;;
510128;400127;844893;1_Chronicles;16;40;<LH;hif;;L H<LWT ;phrase;;;VP;Pred;core;regular;NA;;;
510128;400127;844894;1_Chronicles;16;40;<LH;hif;;<LWT ;phrase;;;NP;Objc;complement;NA;principal_direct_object;;;
510128;400127;844895;1_Chronicles;16;40;<LH;hif;;L JHWH ;phrase;;;PP;Cmpl;complement;NA;L_object;*;;
510128;400127;844896;1_Chronicles;16;40;<LH;hif;;<L MZBX H <LH ;phrase;;;PP;Cmpl;complement;NA;*;;location;location
510128;400127;844897;1_Chronicles;16;40;<LH;hif;;TMJD L  BQR W L  <RB ;phrase;;;AdvP;Time;adjunct;NA;NA;;time;time
510163;400295;-1;1_Chronicles;17;5;<LH;hif;H<LJTJ ;>CR H<LJTJ >T JFR>L ;;;;;;;;;;;
510163;400295;844993;1_Chronicles;17;5;<LH;hif;;>CR ;phrase;;;CP;Rela;NA;NA;NA;;NA;NA
510163;400295;844994;1_Chronicles;17;5;<LH;hif;;H<LJTJ ;phrase;;;VP;Pred;core;regular;NA;;;
510163;400295;844995;1_Chronicles;17;5;<LH;hif;;>T JFR>L ;phrase;;;PP;Objc;complement;NA;direct_object;;;
510538;402217;-1;1_Chronicles;21;18;<LH;qal;J<LH ;KJ J<LH DWJD ;;;;;;;;;;;
510538;402217;846155;1_Chronicles;21;18;<LH;qal;;KJ ;phrase;;;CP;Conj;NA;NA;NA;;NA;NA
510538;402217;846156;1_Chronicles;21;18;<LH;qal;;J<LH ;phrase;;;VP;Pred;core;regular;NA;;;
510538;402217;846157;1_Chronicles;21;18;<LH;qal;;DWJD ;phrase;;;PrNP;Subj;core;NA;subject;;;
510538;402217;510539;1_Chronicles;21;18;<LH;qal;;L HQJM MZBX L JHWH B GRN >RNN H JBSJ ;clause;InfC;Adju;;;NA;NA;;;;
510540;402230;-1;1_Chronicles;21;19;<LH;qal;J<L ;W J<L DWJD B DBR GD ;;;;;;;;;;;
510540;402230;846162;1_Chronicles;21;19;<LH;qal;;W ;phrase;;;CP;Conj;NA;NA;NA;;NA;NA
510540;402230;846163;1_Chronicles;21;19;<LH;qal;;J<L ;phrase;;;VP;Pred;core;regular;NA;;;
510540;402230;846164;1_Chronicles;21;19;<LH;qal;;DWJD ;phrase;;;PrNP;Subj;core;NA;subject;;;
510540;402230;846165;1_Chronicles;21;19;<LH;qal;;B DBR GD ;phrase;;;PP;Adju;adjunct;NA;NA;;;
510569;402369;-1;1_Chronicles;21;24;<LH;hif;H<LWT ;W H<LWT <WLH XNM ;;;;;;;;;;;
510569;402369;846254;1_Chronicles;21;24;<LH;hif;;W ;phrase;;;CP;Conj;NA;NA;NA;;NA;NA
510569;402369;846255;1_Chronicles;21;24;<LH;hif;;H<LWT ;phrase;;;VP;Pred;core;regular;NA;;;
510569;402369;846256;1_Chronicles;21;24;<LH;hif;;<WLH ;phrase;;;NP;Objc;complement;NA;direct_object;;;
510569;402369;846257;1_Chronicles;21;24;<LH;hif;;XNM ;phrase;;;AdvP;Modi;NA;NA;NA;;NA;NA
510572;402393;-1;1_Chronicles;21;26;<LH;hif;J<L ;W J<L <LWT W CLMJM ;;;;;;;;;;;
510572;402393;846270;1_Chronicles;21;26;<LH;hif;;W ;phrase;;;CP;Conj;NA;NA;NA;;NA;NA
510572;402393;846271;1_Chronicles;21;26;<LH;hif;;J<L ;phrase;;;VP;Pred;core;regular;NA;;;
510572;402393;846272;1_Chronicles;21;26;<LH;hif;;<LWT W CLMJM ;phrase;;;NP;Objc;complement;NA;direct_object;;;
510749;403401;-1;1_Chronicles;23;31;<LH;hif;H<LWT ;H<LWT <LWT L JHWH L  CBTWT L  XDCJM W L  M<DJM B MSPR K MCPV <LJHM TMJD L PNJ JHWH ;;;;;;;;;;;
510749;403401;846782;1_Chronicles;23;31;<LH;hif;;H<LWT ;phrase;;;VP;Pred;core;regular;NA;;;
510749;403401;846783;1_Chronicles;23;31;<LH;hif;;<LWT ;phrase;;;NP;Objc;complement;NA;principal_direct_object;;;
510749;403401;846784;1_Chronicles;23;31;<LH;hif;;L JHWH ;phrase;;;PP;Cmpl;complement;NA;L_object;*;;
510749;403401;846785;1_Chronicles;23;31;<LH;hif;;L  CBTWT L  XDCJM W L  M<DJM ;phrase;;;PP;Adju;adjunct;NA;NA;;;
510749;403401;846786;1_Chronicles;23;31;<LH;hif;;B MSPR K MCPV <LJHM ;phrase;;;PP;Adju;adjunct;NA;NA;;;
510749;403401;846787;1_Chronicles;23;31;<LH;hif;;TMJD ;phrase;;;AdvP;Time;adjunct;NA;NA;;time;time
510749;403401;846788;1_Chronicles;23;31;<LH;hif;;L PNJ JHWH ;phrase;;;PP;Adju;adjunct;NA;NA;;;
510939;404517;-1;1_Chronicles;26;16;<LH;qal;<WLH ;H <WLH MCMR L <MT MCMR ;;;;;;;;;;;
510939;404517;847244;1_Chronicles;26;16;<LH;qal;;H ;phrase;;;CP;Rela;NA;NA;NA;;NA;NA
510939;404517;847245;1_Chronicles;26;16;<LH;qal;;<WLH ;phrase;;;VP;PreC;core;regular;NA;;;
510939;404517;847246;1_Chronicles;26;16;<LH;qal;;MCMR L <MT MCMR ;phrase;;;NP;Adju;adjunct;NA;NA;;;
511033;405280;-1;1_Chronicles;27;24;<LH;qal;<LH ;W L> <LH H MSPR B MSPR DBRJ H JMJM L  MLK DWJD ;;;;;;;;;;;
511033;405280;847473;1_Chronicles;27;24;<LH;qal;;W ;phrase;;;CP;Conj;NA;NA;NA;;NA;NA
511033;405280;847474;1_Chronicles;27;24;<LH;qal;;L> ;phrase;;;NegP;Nega;NA;NA;NA;;NA;NA
511033;405280;847475;1_Chronicles;27;24;<LH;qal;;<LH ;phrase;;;VP;Pred;core;regular;NA;;;
511033;405280;847476;1_Chronicles;27;24;<LH;qal;;H MSPR ;phrase;;;NP;Subj;core;NA;subject;;;
511033;405280;847477;1_Chronicles;27;24;<LH;qal;;B MSPR DBRJ H JMJM L  MLK DWJD ;phrase;;;PP;Cmpl;complement;NA;*;;location;location
511233;406592;-1;1_Chronicles;29;21;<LH;hif;J<LW ;W J<LW <LWT L JHWH L MXRT H JWM H HW> L KL JFR>L ;;;;;;;;;;;
511233;406592;848041;1_Chronicles;29;21;<LH;hif;;W ;phrase;;;CP;Conj;NA;NA;NA;;NA;NA
511233;406592;848042;1_Chronicles;29;21;<LH;hif;;J<LW ;phrase;;;VP;Pred;core;regular;NA;;;
511233;406592;848043;1_Chronicles;29;21;<LH;hif;;<LWT ;phrase;;;NP;Objc;complement;NA;principal_direct_object;;;
511233;406592;848044;1_Chronicles;29;21;<LH;hif;;L JHWH ;phrase;;;PP;Cmpl;complement;NA;L_object;*;;
511233;406592;848045;1_Chronicles;29;21;<LH;hif;;L MXRT H JWM H HW> ;phrase;;;PP;Time;adjunct;NA;NA;;time;time
511233;406592;848048;1_Chronicles;29;21;<LH;hif;;L KL JFR>L ;phrase;;;PP;Adju;adjunct;NA;NA;;;
511266;406882;-1;2_Chronicles;1;4;<LH;hif;H<LH ;>BL >RWN H >LHJM H<LH DWJD M QRJT_J<RJM ;;;;;;;;;;;
511266;406882;848159;2_Chronicles;1;4;<LH;hif;;>BL ;phrase;;;InjP;Intj;NA;NA;NA;;NA;NA
511266;406882;848160;2_Chronicles;1;4;<LH;hif;;>RWN H >LHJM ;phrase;;;NP;Objc;complement;NA;direct_object;;;
511266;406882;848161;2_Chronicles;1;4;<LH;hif;;H<LH ;phrase;;;VP;Pred;core;regular;NA;;;
511266;406882;848162;2_Chronicles;1;4;<LH;hif;;DWJD ;phrase;;;PrNP;Subj;core;NA;subject;;;
511266;406882;848163;2_Chronicles;1;4;<LH;hif;;M QRJT_J<RJM ;phrase;;;PP;Cmpl;complement;NA;*;;location;location
511272;406920;-1;2_Chronicles;1;6;<LH;hif;J<L ;W J<L CLMH CM <L MZBX H NXCT L PNJ JHWH ;;;;;;;;;;;
511272;406920;848183;2_Chronicles;1;6;<LH;hif;;W ;phrase;;;CP;Conj;NA;NA;NA;;NA;NA
511272;406920;848184;2_Chronicles;1;6;<LH;hif;;J<L ;phrase;;;VP;Pred;core;regular;NA;;;
511272;406920;848185;2_Chronicles;1;6;<LH;hif;;CLMH ;phrase;;;PrNP;Subj;core;NA;subject;;;
511272;406920;848186;2_Chronicles;1;6;<LH;hif;;CM ;phrase;;;AdvP;Modi;NA;NA;NA;;NA;NA
511272;406920;848187;2_Chronicles;1;6;<LH;hif;;<L MZBX H NXCT ;phrase;;;PP;Cmpl;complement;NA;*;;location;location
511272;406920;848188;2_Chronicles;1;6;<LH;hif;;L PNJ JHWH ;phrase;;;PP;Adju;adjunct;NA;NA;;;
511274;406935;-1;2_Chronicles;1;6;<LH;hif;J<L ;W J<L <LJW <LWT >LP ;;;;;;;;;;;
511274;406935;848191;2_Chronicles;1;6;<LH;hif;;W ;phrase;;;CP;Conj;NA;NA;NA;;NA;NA
511274;406935;848192;2_Chronicles;1;6;<LH;hif;;J<L ;phrase;;;VP;Pred;core;regular;NA;;;
511274;406935;848193;2_Chronicles;1;6;<LH;hif;;<LJW ;phrase;;;PP;Cmpl;complement;NA;*;;;
511274;406935;848194;2_Chronicles;1;6;<LH;hif;;<LWT >LP ;phrase;;;NP;Objc;complement;NA;direct_object;;;
511318;407185;-1;2_Chronicles;1;17;<LH;hif;J<LW ;W J<LW ;;;;;;;;;;;
511318;407185;848332;2_Chronicles;1;17;<LH;hif;;W ;phrase;;;CP;Conj;NA;NA;NA;;NA;NA
511318;407185;848333;2_Chronicles;1;17;<LH;hif;;J<LW ;phrase;;;VP;Pred;core;regular;NA;;;
511386;407659;-1;2_Chronicles;2;15;<LH;hif;T<LH ;W >TH T<LH >TM JRWCLM ;;;;;;;;;;;
511386;407659;848540;2_Chronicles;2;15;<LH;hif;;W ;phrase;;;CP;Conj;NA;NA;NA;;NA;NA
511386;407659;848541;2_Chronicles;2;15;<LH;hif;;>TH ;phrase;;;PPrP;Subj;core;NA;subject;;;
511386;407659;848542;2_Chronicles;2;15;<LH;hif;;T<LH ;phrase;;;VP;Pred;core;regular;NA;;;
511386;407659;848543;2_Chronicles;2;15;<LH;hif;;>TM ;phrase;;;PP;Objc;complement;NA;direct_object;;;
511386;407659;848544;2_Chronicles;2;15;<LH;hif;;JRWCLM ;phrase;;;PrNP;Cmpl;complement;NA;*;;location;location
511411;407829;-1;2_Chronicles;3;5;<LH;hif;J<L ;W J<L <LJW TMRJM W CRCRWT ;;;;;;;;;;;
511411;407829;848617;2_Chronicles;3;5;<LH;hif;;W ;phrase;;;CP;Conj;NA;NA;NA;;NA;NA
511411;407829;848618;2_Chronicles;3;5;<LH;hif;;J<L ;phrase;;;VP;Pred;core;regular;NA;;;
511411;407829;848619;2_Chronicles;3;5;<LH;hif;;<LJW ;phrase;;;PP;Cmpl;complement;NA;*;;;
511411;407829;848620;2_Chronicles;3;5;<LH;hif;;TMRJM W CRCRWT ;phrase;;;NP;Objc;complement;NA;direct_object;;;
511438;408013;-1;2_Chronicles;3;14;<LH;hif;J<L ;W J<L <LJW KRWBJM ;;;;;;;;;;;
511438;408013;848701;2_Chronicles;3;14;<LH;hif;;W ;phrase;;;CP;Conj;NA;NA;NA;;NA;NA
511438;408013;848702;2_Chronicles;3;14;<LH;hif;;J<L ;phrase;;;VP;Pred;core;regular;NA;;;
511438;408013;848703;2_Chronicles;3;14;<LH;hif;;<LJW ;phrase;;;PP;Cmpl;complement;NA;*;;;
511438;408013;848704;2_Chronicles;3;14;<LH;hif;;KRWBJM ;phrase;;;NP;Objc;complement;NA;direct_object;;;
511527;408631;-1;2_Chronicles;5;2;<LH;hif;H<LWT ;L H<LWT >T >RWN BRJT JHWH M <JR DWJD ;;;;;;;;;;;
511527;408631;848981;2_Chronicles;5;2;<LH;hif;;L H<LWT ;phrase;;;VP;Pred;core;regular;NA;;;
511527;408631;848982;2_Chronicles;5;2;<LH;hif;;>T >RWN BRJT JHWH ;phrase;;;PP;Objc;complement;NA;direct_object;;;
511527;408631;848983;2_Chronicles;5;2;<LH;hif;;M <JR DWJD ;phrase;;;PP;Cmpl;complement;NA;*;;location;location
511533;408670;-1;2_Chronicles;5;5;<LH;hif;J<LW ;W J<LW >T H >RWN W >T >HL MW<D W >T KL KLJ H QDC ;;;;;;;;;;;
511533;408670;849000;2_Chronicles;5;5;<LH;hif;;W ;phrase;;;CP;Conj;NA;NA;NA;;NA;NA
511533;408670;849001;2_Chronicles;5;5;<LH;hif;;J<LW ;phrase;;;VP;Pred;core;regular;NA;;;
511533;408670;849002;2_Chronicles;5;5;<LH;hif;;>T H >RWN W >T >HL MW<D W >T KL KLJ H QDC ;phrase;;;PP;Objc;complement;NA;direct_object;;;
511535;408688;-1;2_Chronicles;5;5;<LH;hif;H<LW ;H<LW >TM H KHNJM H LWJM ;;;;;;;;;;;
511535;408688;849005;2_Chronicles;5;5;<LH;hif;;H<LW ;phrase;;;VP;Pred;core;regular;NA;;;
511535;408688;849006;2_Chronicles;5;5;<LH;hif;;>TM ;phrase;;;PP;Objc;complement;NA;direct_object;;;
511535;408688;849007;2_Chronicles;5;5;<LH;hif;;H KHNJM H LWJM ;phrase;;;NP;Subj;core;NA;subject;;;
511914;410749;-1;2_Chronicles;8;8;<LH;hif;J<LM ;W J<LM CLMH L MS <D H JWM H ZH ;;;;;;;;;;;
511914;410749;850143;2_Chronicles;8;8;<LH;hif;;W ;phrase;;;CP;Conj;NA;NA;NA;;NA;NA
511914;410749;850144;2_Chronicles;8;8;<LH;hif;;J<LM ;phrase;;;VP;PreO;core;regular;principal_direct_object;;;
511914;410749;850145;2_Chronicles;8;8;<LH;hif;;CLMH ;phrase;;;PrNP;Subj;core;NA;subject;;;
511914;410749;850146;2_Chronicles;8;8;<LH;hif;;L MS ;phrase;;;PP;Cmpl;complement;NA;L_object;*;;
511914;410749;850147;2_Chronicles;8;8;<LH;hif;;<D H JWM H ZH ;phrase;;;PP;Time;adjunct;NA;NA;;time;time
511921;410804;-1;2_Chronicles;8;11;<LH;hif;H<LH ;W >T BT PR<H H<LH CLMH M <JR DWJD L  BJT ;;;;;;;;;;;
511921;410804;850167;2_Chronicles;8;11;<LH;hif;;W ;phrase;;;CP;Conj;NA;NA;NA;;NA;NA
511921;410804;850168;2_Chronicles;8;11;<LH;hif;;>T BT PR<H ;phrase;;;PP;Objc;complement;NA;principal_direct_object;;;
511921;410804;850169;2_Chronicles;8;11;<LH;hif;;H<LH ;phrase;;;VP;Pred;core;regular;NA;;;
511921;410804;850170;2_Chronicles;8;11;<LH;hif;;CLMH ;phrase;;;PrNP;Subj;core;NA;subject;;;
511921;410804;850171;2_Chronicles;8;11;<LH;hif;;M <JR DWJD ;phrase;;;PP;Cmpl;complement;NA;*;;location;location
511921;410804;850172;2_Chronicles;8;11;<LH;hif;;L  BJT ;phrase;;;PP;Cmpl;complement;NA;L_object;*;;
511927;410835;-1;2_Chronicles;8;12;<LH;hif;H<LH ;>Z H<LH CLMH <LWT L JHWH <L MZBX JHWH ;;;;;;;;;;;
511927;410835;850190;2_Chronicles;8;12;<LH;hif;;>Z ;phrase;;;AdvP;Modi;NA;NA;NA;;NA;NA
511927;410835;850191;2_Chronicles;8;12;<LH;hif;;H<LH ;phrase;;;VP;Pred;core;regular;NA;;;
511927;410835;850192;2_Chronicles;8;12;<LH;hif;;CLMH ;phrase;;;PrNP;Subj;core;NA;subject;;;
511927;410835;850193;2_Chronicles;8;12;<LH;hif;;<LWT ;phrase;;;NP;Objc;complement;NA;direct_object;;;
511927;410835;850194;2_Chronicles;8;12;<LH;hif;;L JHWH ;phrase;;;PP;Adju;adjunct;NA;NA;;;
511927;410835;850195;2_Chronicles;8;12;<LH;hif;;<L MZBX JHWH ;phrase;;;PP;Cmpl;complement;NA;*;;location;location
511930;410856;-1;2_Chronicles;8;13;<LH;hif;H<LWT ;L H<LWT K MYWT MCH ;;;;;;;;;;;
511930;410856;850201;2_Chronicles;8;13;<LH;hif;;L H<LWT ;phrase;;;VP;Pred;core;regular;NA;;;
511930;410856;850202;2_Chronicles;8;13;<LH;hif;;K MYWT MCH ;phrase;;;PP;Adju;adjunct;NA;NA;;;
511960;411113;-1;2_Chronicles;9;4;<LH;qal;J<LH ;>CR J<LH BJT JHWH ;;;;;;;;;;;
511960;411113;850304;2_Chronicles;9;4;<LH;qal;;>CR ;phrase;;;CP;Rela;NA;NA;NA;;NA;NA
511960;411113;850305;2_Chronicles;9;4;<LH;qal;;J<LH ;phrase;;;VP;Pred;core;regular;NA;;;
511960;411113;850306;2_Chronicles;9;4;<LH;qal;;BJT JHWH ;phrase;;;NP;Cmpl;complement;NA;*;;location;location
512003;411386;-1;2_Chronicles;9;15;<LH;hif;J<LH ;CC M>WT ZHB CXWV J<LH <L H YNH H >XT ;;;;;;;;;;;
512003;411386;850445;2_Chronicles;9;15;<LH;hif;;CC M>WT ZHB CXWV ;phrase;;;NP;Objc;complement;NA;direct_object;;;
512003;411386;850446;2_Chronicles;9;15;<LH;hif;;J<LH ;phrase;;;VP;Pred;core;regular;NA;;;
512003;411386;850447;2_Chronicles;9;15;<LH;hif;;<L H YNH H >XT ;phrase;;;PP;Cmpl;complement;NA;*;;;
512005;411401;-1;2_Chronicles;9;16;<LH;hif;J<LH ;CLC M>WT ZHB J<LH <L H MGN H >XT ;;;;;;;;;;;
512005;411401;850451;2_Chronicles;9;16;<LH;hif;;CLC M>WT ZHB ;phrase;;;NP;Objc;complement;NA;direct_object;;;
512005;411401;850452;2_Chronicles;9;16;<LH;hif;;J<LH ;phrase;;;VP;Pred;core;regular;NA;;;
512005;411401;850453;2_Chronicles;9;16;<LH;hif;;<L H MGN H >XT ;phrase;;;PP;Cmpl;complement;NA;*;;;
512138;412163;-1;2_Chronicles;10;18;<LH;qal;<LWT ;L <LWT B  MRKBH ;;;;;;;;;;;
512138;412163;850871;2_Chronicles;10;18;<LH;qal;;L <LWT ;phrase;;;VP;Pred;core;regular;NA;;;
512138;412163;850872;2_Chronicles;10;18;<LH;qal;;B  MRKBH ;phrase;;;PP;Cmpl;complement;NA;*;;location;location
512138;412163;512139;2_Chronicles;10;18;<LH;qal;;L NWS JRWCLM ;clause;InfC;Adju;;;NA;NA;;;;
512152;412242;-1;2_Chronicles;11;4;<LH;qal;T<LW ;L> T<LW ;;;;;;;;;;;
512152;412242;850906;2_Chronicles;11;4;<LH;qal;;L> ;phrase;;;NegP;Nega;NA;NA;NA;;NA;NA
512152;412242;850907;2_Chronicles;11;4;<LH;qal;;T<LW ;phrase;;;VP;Pred;core;regular;NA;;;
512209;412629;-1;2_Chronicles;12;2;<LH;qal;<LH ;<LH CJCQ MLK MYRJM <L JRWCLM B >LP W M>TJM RKB W B CCJM >LP PRCJM ;;;;;;;;;;;
512209;412629;851082;2_Chronicles;12;2;<LH;qal;;<LH ;phrase;;;VP;Pred;core;regular;NA;;;
512209;412629;851083;2_Chronicles;12;2;<LH;qal;;CJCQ MLK MYRJM ;phrase;;;PrNP;Subj;core;NA;subject;;;
512209;412629;851084;2_Chronicles;12;2;<LH;qal;;<L JRWCLM ;phrase;;;PP;Cmpl;complement;NA;*;;location;location
512209;412629;851088;2_Chronicles;12;2;<LH;qal;;B >LP W M>TJM RKB W B CCJM >LP PRCJM ;phrase;;;PP;Adju;adjunct;NA;NA;;;
512236;412768;-1;2_Chronicles;12;9;<LH;qal;J<L ;W J<L CJCQ MLK MYRJM <L JRWCLM ;;;;;;;;;;;
512236;412768;851165;2_Chronicles;12;9;<LH;qal;;W ;phrase;;;CP;Conj;NA;NA;NA;;NA;NA
512236;412768;851166;2_Chronicles;12;9;<LH;qal;;J<L ;phrase;;;VP;Pred;core;regular;NA;;;
512236;412768;851167;2_Chronicles;12;9;<LH;qal;;CJCQ MLK MYRJM ;phrase;;;PrNP;Subj;core;NA;subject;;;
512236;412768;851168;2_Chronicles;12;9;<LH;qal;;<L JRWCLM ;phrase;;;PP;Cmpl;complement;NA;*;;location;location
512480;414191;-1;2_Chronicles;16;1;<LH;qal;<LH ;B CNT CLCJM W CC L MLKWT >S> <LH B<C> MLK JFR>L <L JHWDH ;;;;;;;;;;;
512480;414191;851910;2_Chronicles;16;1;<LH;qal;;B CNT CLCJM W CC L MLKWT >S> ;phrase;;;PP;Time;adjunct;NA;NA;;time;time
512480;414191;851911;2_Chronicles;16;1;<LH;qal;;<LH ;phrase;;;VP;Pred;core;regular;NA;;;
512480;414191;851912;2_Chronicles;16;1;<LH;qal;;B<C> MLK JFR>L ;phrase;;;PrNP;Subj;core;NA;subject;;;
512480;414191;851913;2_Chronicles;16;1;<LH;qal;;<L JHWDH ;phrase;;;PP;Cmpl;complement;NA;*;;;
512491;414262;-1;2_Chronicles;16;3;<LH;qal;J<LH ;W J<LH M <LJ ;;;;;;;;;;;
512491;414262;851941;2_Chronicles;16;3;<LH;qal;;W ;phrase;;;CP;Conj;NA;NA;NA;;NA;NA
512491;414262;851942;2_Chronicles;16;3;<LH;qal;;J<LH ;phrase;;;VP;Pred;core;regular;NA;;;
512491;414262;851943;2_Chronicles;16;3;<LH;qal;;M <LJ ;phrase;;;PP;Cmpl;complement;NA;*;;;
512597;414948;-1;2_Chronicles;18;2;<LH;qal;<LWT ;L <LWT >L RMWT GL<D ;;;;;;;;;;;
512597;414948;852286;2_Chronicles;18;2;<LH;qal;;L <LWT ;phrase;;;VP;Pred;core;regular;NA;;;
512597;414948;852287;2_Chronicles;18;2;<LH;qal;;>L RMWT GL<D ;phrase;;;PP;Cmpl;complement;NA;*;;location;location
512611;415019;-1;2_Chronicles;18;5;<LH;qal;<LH ;<LH ;;;;;;;;;;;
512611;415019;852330;2_Chronicles;18;5;<LH;qal;;<LH ;phrase;;;VP;Pred;core;regular;NA;;;
512640;415151;-1;2_Chronicles;18;11;<LH;qal;<LH ;<LH RMT GL<D ;;;;;;;;;;;
512640;415151;852416;2_Chronicles;18;11;<LH;qal;;<LH ;phrase;;;VP;Pred;core;regular;NA;;;
512640;415151;852417;2_Chronicles;18;11;<LH;qal;;RMT GL<D ;phrase;;;PrNP;Cmpl;complement;NA;*;;location;location
512661;415231;-1;2_Chronicles;18;14;<LH;qal;<LW ;<LW ;;;;;;;;;;;
512661;415231;852472;2_Chronicles;18;14;<LH;qal;;<LW ;phrase;;;VP;Pred;core;regular;NA;;;
512686;415338;-1;2_Chronicles;18;19;<LH;qal;J<L ;W J<L ;;;;;;;;;;;
512686;415338;852545;2_Chronicles;18;19;<LH;qal;;W ;phrase;;;CP;Conj;NA;NA;NA;;NA;NA
512686;415338;852546;2_Chronicles;18;19;<LH;qal;;J<L ;phrase;;;VP;Pred;core;regular;NA;;;
512732;415513;-1;2_Chronicles;18;28;<LH;qal;J<L ;W J<L MLK JFR>L W JHWCPV MLK JHWDH >L RMT GL<D ;;;;;;;;;;;
512732;415513;852664;2_Chronicles;18;28;<LH;qal;;W ;phrase;;;CP;Conj;NA;NA;NA;;NA;NA
512732;415513;852665;2_Chronicles;18;28;<LH;qal;;J<L ;phrase;;;VP;Pred;core;regular;NA;;;
512732;415513;852666;2_Chronicles;18;28;<LH;qal;;MLK JFR>L W JHWCPV MLK JHWDH ;phrase;;;NP;Subj;core;NA;subject;;;
512732;415513;852667;2_Chronicles;18;28;<LH;qal;;>L RMT GL<D ;phrase;;;PP;Cmpl;complement;NA;*;;location;location
512763;415656;-1;2_Chronicles;18;34;<LH;qal;T<L ;W T<L H MLXMH B  JWM H HW> ;;;;;;;;;;;
512763;415656;852753;2_Chronicles;18;34;<LH;qal;;W ;phrase;;;CP;Conj;NA;NA;NA;;NA;NA
512763;415656;852754;2_Chronicles;18;34;<LH;qal;;T<L ;phrase;;;VP;Pred;core;regular;NA;;;
512763;415656;852755;2_Chronicles;18;34;<LH;qal;;H MLXMH ;phrase;;;NP;Subj;core;NA;subject;;;
512763;415656;852756;2_Chronicles;18;34;<LH;qal;;B  JWM H HW> ;phrase;;;PP;Time;adjunct;NA;NA;;time;time
512883;416311;-1;2_Chronicles;20;16;<LH;qal;<LJM ;HNM <LJM B M<LH H YJY ;;;;;;;;;;;
512883;416311;853101;2_Chronicles;20;16;<LH;qal;;HNM ;phrase;;;InjP;IntS;core;NA;subject;;;
512883;416311;853102;2_Chronicles;20;16;<LH;qal;;<LJM ;phrase;;;VP;PreC;core;regular;NA;;;
512883;416311;853103;2_Chronicles;20;16;<LH;qal;;B M<LH H YJY ;phrase;;;PP;Cmpl;complement;NA;*;;location;location
512968;416739;-1;2_Chronicles;20;34;<LH;hof;H<LH ;>CR H<LH <L SPR MLKJ JFR>L ;;;;;;;;;;;
512968;416739;853341;2_Chronicles;20;34;<LH;hof;;>CR ;phrase;;;CP;Rela;NA;NA;NA;;NA;NA
512968;416739;853342;2_Chronicles;20;34;<LH;hof;;H<LH ;phrase;;;VP;Pred;core;regular;NA;;;
512968;416739;853343;2_Chronicles;20;34;<LH;hof;;<L SPR MLKJ JFR>L ;phrase;;;PP;Cmpl;complement;NA;*;;location;location
513038;417152;-1;2_Chronicles;21;17;<LH;qal;J<LW ;W J<LW B JHWDH ;;;;;;;;;;;
513038;417152;853563;2_Chronicles;21;17;<LH;qal;;W ;phrase;;;CP;Conj;NA;NA;NA;;NA;NA
513038;417152;853564;2_Chronicles;21;17;<LH;qal;;J<LW ;phrase;;;VP;Pred;core;regular;NA;;;
513038;417152;853565;2_Chronicles;21;17;<LH;qal;;B JHWDH ;phrase;;;PP;Cmpl;complement;NA;*;;location;location
513198;418105;-1;2_Chronicles;23;18;<LH;hif;H<LWT ;L H<LWT <LWT JHWH ;;;;;;;;;;;
513198;418105;854049;2_Chronicles;23;18;<LH;hif;;L H<LWT ;phrase;;;VP;Pred;core;regular;NA;;;
513198;418105;854050;2_Chronicles;23;18;<LH;hif;;<LWT JHWH ;phrase;;;NP;Objc;complement;NA;direct_object;;;
513260;418511;-1;2_Chronicles;24;13;<LH;qal;T<L ;W T<L >RWKH L  ML>KH B JDM ;;;;;;;;;;;
513260;418511;854240;2_Chronicles;24;13;<LH;qal;;W ;phrase;;;CP;Conj;NA;NA;NA;;NA;NA
513260;418511;854241;2_Chronicles;24;13;<LH;qal;;T<L ;phrase;;;VP;Pred;core;regular;NA;;;
513260;418511;854242;2_Chronicles;24;13;<LH;qal;;>RWKH L  ML>KH ;phrase;;;NP;Subj;core;NA;subject;;;
513260;418511;854243;2_Chronicles;24;13;<LH;qal;;B JDM ;phrase;;;PP;Cmpl;complement;NA;*;;location;location
513265;418551;-1;2_Chronicles;24;14;<LH;hif;H<LWT ;W J<FHW KLJM L BJT JHWH KLJ CRT W H<LWT W KPWT W KLJ ZHB W KSP ;;;;;;;;;;;
513265;418551;854255;2_Chronicles;24;14;<LH;hif;;W ;phrase;;;CP;Conj;NA;NA;NA;;NA;NA
513265;418551;854256;2_Chronicles;24;14;<LH;hif;;J<FHW ;phrase;;;VP;PreO;core;regular;principal_direct_object;;;
513265;418551;854257;2_Chronicles;24;14;<LH;hif;;KLJM KLJ CRT W H<LWT W KPWT W KLJ ZHB W KSP ;phrase;;;NP;Objc;complement;NA;NP_direct_object;;;
513265;418551;854258;2_Chronicles;24;14;<LH;hif;;L BJT JHWH ;phrase;;;PP;Adju;adjunct;NA;NA;;;
513266;418561;-1;2_Chronicles;24;14;<LH;hif;M<LJM ;W JHJW M<LJM <LWT B BJT JHWH TMJD KL JMJ JHWJD< ;;;;;;;;;;;
513266;418561;854259;2_Chronicles;24;14;<LH;hif;;W ;phrase;;;CP;Conj;NA;NA;NA;;NA;NA
513266;418561;854260;2_Chronicles;24;14;<LH;hif;;JHJW ;phrase;;;VP;Pred;core;regular;NA;;;
513266;418561;854261;2_Chronicles;24;14;<LH;hif;;M<LJM ;phrase;;;VP;PreC;core;regular;NA;;;
513266;418561;854262;2_Chronicles;24;14;<LH;hif;;<LWT ;phrase;;;NP;Objc;complement;NA;direct_object;;;
513266;418561;854263;2_Chronicles;24;14;<LH;hif;;B BJT JHWH ;phrase;;;PP;Loca;adjunct;NA;NA;;location;location
513266;418561;854264;2_Chronicles;24;14;<LH;hif;;TMJD KL JMJ JHWJD< ;phrase;;;AdvP;Time;adjunct;NA;NA;;time;time
513300;418746;-1;2_Chronicles;24;23;<LH;qal;<LH ;<LH <LJW XJL >RM ;;;;;;;;;;;
513300;418746;854373;2_Chronicles;24;23;<LH;qal;;<LH ;phrase;;;VP;Pred;core;regular;NA;;;
513300;418746;854374;2_Chronicles;24;23;<LH;qal;;<LJW ;phrase;;;PP;Cmpl;complement;NA;*;;;
513300;418746;854375;2_Chronicles;24;23;<LH;qal;;XJL >RM ;phrase;;;NP;Subj;core;NA;subject;;;
513439;419403;-1;2_Chronicles;25;21;<LH;qal;J<L ;W J<L JW>C MLK JFR>L ;;;;;;;;;;;
513439;419403;854775;2_Chronicles;25;21;<LH;qal;;W ;phrase;;;CP;Conj;NA;NA;NA;;NA;NA
513439;419403;854776;2_Chronicles;25;21;<LH;qal;;J<L ;phrase;;;VP;Pred;core;regular;NA;;;
513439;419403;854777;2_Chronicles;25;21;<LH;qal;;JW>C MLK JFR>L ;phrase;;;PrNP;Subj;core;NA;subject;;;
513722;421092;-1;2_Chronicles;29;7;<LH;hif;H<LW ;W <LH L> H<LW B  QDC L >LHJ JFR>L ;;;;;;;;;;;
513722;421092;855639;2_Chronicles;29;7;<LH;hif;;W ;phrase;;;CP;Conj;NA;NA;NA;;NA;NA
513722;421092;855640;2_Chronicles;29;7;<LH;hif;;<LH ;phrase;;;NP;Objc;complement;NA;principal_direct_object;;;
513722;421092;855641;2_Chronicles;29;7;<LH;hif;;L> ;phrase;;;NegP;Nega;NA;NA;NA;;NA;NA
513722;421092;855642;2_Chronicles;29;7;<LH;hif;;H<LW ;phrase;;;VP;Pred;core;regular;NA;;;
513722;421092;855643;2_Chronicles;29;7;<LH;hif;;B  QDC ;phrase;;;PP;Loca;adjunct;NA;NA;;location;location
513722;421092;855644;2_Chronicles;29;7;<LH;hif;;L >LHJ JFR>L ;phrase;;;PP;Cmpl;complement;NA;L_object;*;;
513770;421402;-1;2_Chronicles;29;20;<LH;qal;J<L ;W J<L BJT JHWH ;;;;;;;;;;;
513770;421402;855784;2_Chronicles;29;20;<LH;qal;;W ;phrase;;;CP;Conj;NA;NA;NA;;NA;NA
513770;421402;855785;2_Chronicles;29;20;<LH;qal;;J<L ;phrase;;;VP;Pred;core;regular;NA;;;
513770;421402;855786;2_Chronicles;29;20;<LH;qal;;BJT JHWH ;phrase;;;NP;Cmpl;complement;NA;*;;location;location
513773;421439;-1;2_Chronicles;29;21;<LH;hif;H<LWT ;L H<LWT <L MZBX JHWH ;;;;;;;;;;;
513773;421439;855794;2_Chronicles;29;21;<LH;hif;;L H<LWT ;phrase;;;VP;Pred;core;regular;NA;;;
513773;421439;855795;2_Chronicles;29;21;<LH;hif;;<L MZBX JHWH ;phrase;;;PP;Cmpl;complement;NA;*;;location;location
513792;421573;-1;2_Chronicles;29;27;<LH;hif;H<LWT ;L H<LWT H <LH L H MZBX ;;;;;;;;;;;
513792;421573;855861;2_Chronicles;29;27;<LH;hif;;L H<LWT ;phrase;;;VP;Pred;core;regular;NA;;;
513792;421573;855862;2_Chronicles;29;27;<LH;hif;;H <LH ;phrase;;;NP;Objc;complement;NA;principal_direct_object;;;
513792;421573;855863;2_Chronicles;29;27;<LH;hif;;L H MZBX ;phrase;;;PP;Cmpl;complement;NA;L_object;*;;
513803;421622;-1;2_Chronicles;29;29;<LH;hif;H<LWT ;L H<LWT ;;;;;;;;;;;
513803;421622;855886;2_Chronicles;29;29;<LH;hif;;L H<LWT ;phrase;;;VP;Pred;core;regular;NA;;;
514029;423166;-1;2_Chronicles;32;5;<LH;hif;J<L ;W J<L <L H MGDLWT ;;;;;;;;;;;
514029;423166;856583;2_Chronicles;32;5;<LH;hif;;W ;phrase;;;CP;Conj;NA;NA;NA;;NA;NA
514029;423166;856584;2_Chronicles;32;5;<LH;hif;;J<L ;phrase;;;VP;Pred;core;regular;NA;;;
514029;423166;856585;2_Chronicles;32;5;<LH;hif;;<L H MGDLWT ;phrase;;;PP;Cmpl;complement;NA;*;;;
514375;425213;-1;2_Chronicles;34;30;<LH;qal;J<L ;W J<L H MLK BJT JHWH ;;;;;;;;;;;
514375;425213;857650;2_Chronicles;34;30;<LH;qal;;W ;phrase;;;CP;Conj;NA;NA;NA;;NA;NA
514375;425213;857651;2_Chronicles;34;30;<LH;qal;;J<L ;phrase;;;VP;Pred;core;regular;NA;;;
514375;425213;857652;2_Chronicles;34;30;<LH;qal;;H MLK ;phrase;;;NP;Subj;core;NA;subject;;;
514375;425213;857653;2_Chronicles;34;30;<LH;qal;;BJT JHWH ;phrase;;;NP;Cmpl;complement;NA;*;;location;location
514436;425701;-1;2_Chronicles;35;14;<LH;hif;H<LWT ;B H<LWT H <WLH W H XLBJM <D LJLH ;;;;;;;;;;;
514436;425701;857855;2_Chronicles;35;14;<LH;hif;;B H<LWT ;phrase;;;VP;Pred;core;regular;NA;;;
514436;425701;857856;2_Chronicles;35;14;<LH;hif;;H <WLH W H XLBJM ;phrase;;;NP;Objc;complement;NA;direct_object;;;
514436;425701;857857;2_Chronicles;35;14;<LH;hif;;<D LJLH ;phrase;;;PP;Time;adjunct;NA;NA;;time;time
514445;425774;-1;2_Chronicles;35;16;<LH;hif;H<LWT ;W H<LWT <LWT <L MZBX JHWH K MYWT H MLK J>CJHW ;;;;;;;;;;;
514445;425774;857883;2_Chronicles;35;16;<LH;hif;;W ;phrase;;;CP;Conj;NA;NA;NA;;NA;NA
514445;425774;857884;2_Chronicles;35;16;<LH;hif;;H<LWT ;phrase;;;VP;Pred;core;regular;NA;;;
514445;425774;857885;2_Chronicles;35;16;<LH;hif;;<LWT ;phrase;;;NP;Objc;complement;NA;direct_object;;;
514445;425774;857886;2_Chronicles;35;16;<LH;hif;;<L MZBX JHWH ;phrase;;;PP;Cmpl;complement;NA;*;;location;location
514445;425774;857887;2_Chronicles;35;16;<LH;hif;;K MYWT H MLK J>CJHW ;phrase;;;PP;Adju;adjunct;NA;NA;;;
514454;425866;-1;2_Chronicles;35;20;<LH;qal;<LH ;>XRJ KL Z>T <LH NKW MLK MYRJM ;;;;;;;;;;;
514454;425866;857918;2_Chronicles;35;20;<LH;qal;;>XRJ KL Z>T ;phrase;;;PP;Time;adjunct;NA;NA;;time;time
514454;425866;857923;2_Chronicles;35;20;<LH;qal;;<LH ;phrase;;;VP;Pred;core;regular;NA;;;
514454;425866;857924;2_Chronicles;35;20;<LH;qal;;NKW MLK MYRJM ;phrase;;;PrNP;Subj;core;NA;subject;;;
514454;425866;514456;2_Chronicles;35;20;<LH;qal;;L HLXM B KRKMJC <L PRT ;clause;InfC;Adju;;;NA;NA;;;;
514510;426147;-1;2_Chronicles;36;6;<LH;qal;<LH ;<LJW <LH NBWKDN>YR MLK BBL ;;;;;;;;;;;
514510;426147;858085;2_Chronicles;36;6;<LH;qal;;<LJW ;phrase;;;PP;Cmpl;complement;NA;*;;;
514510;426147;858086;2_Chronicles;36;6;<LH;qal;;<LH ;phrase;;;VP;Pred;core;regular;NA;;;
514510;426147;858087;2_Chronicles;36;6;<LH;qal;;NBWKDN>YR MLK BBL ;phrase;;;PrNP;Subj;core;NA;subject;;;
514548;426366;-1;2_Chronicles;36;16;<LH;qal;<LWT ;<D <LWT XMT JHWH B <MW <D L >JN MRP> ;;;;;;;;;;;
514548;426366;858200;2_Chronicles;36;16;<LH;qal;;<D <LWT ;phrase;;;VP;Pred;core;regular;NA;;;
514548;426366;858201;2_Chronicles;36;16;<LH;qal;;XMT JHWH ;phrase;;;NP;Subj;core;NA;subject;;;
514548;426366;858202;2_Chronicles;36;16;<LH;qal;;B <MW ;phrase;;;PP;Cmpl;complement;NA;*;;location;location
514548;426366;858203;2_Chronicles;36;16;<LH;qal;;<D L >JN MRP> ;phrase;;;PP;Adju;adjunct;NA;NA;;;
514549;426376;-1;2_Chronicles;36;17;<LH;hif;J<L ;W J<L <LJHM >T MLK KFDJJM ;;;;;;;;;;;
514549;426376;858204;2_Chronicles;36;17;<LH;hif;;W ;phrase;;;CP;Conj;NA;NA;NA;;NA;NA
514549;426376;858205;2_Chronicles;36;17;<LH;hif;;J<L ;phrase;;;VP;Pred;core;regular;NA;;;
514549;426376;858206;2_Chronicles;36;17;<LH;hif;;<LJHM ;phrase;;;PP;Cmpl;complement;NA;*;;;
514549;426376;858207;2_Chronicles;36;17;<LH;hif;;>T MLK KFDJJM ;phrase;;;PP;Objc;complement;NA;direct_object;;;
514549;426376;514562;2_Chronicles;36;17;<LH;hif;;<D MLK MLKWT PRS ;clause;InfC;Adju;;;NA;NA;;;;
514579;426568;-1;2_Chronicles;36;23;<LH;qal;J<L ;W J<L ;;;;;;;;;;;
514579;426568;858293;2_Chronicles;36;23;<LH;qal;;W ;phrase;;;CP;Conj;NA;NA;NA;;NA;NA
514579;426568;858294;2_Chronicles;36;23;<LH;qal;;J<L ;phrase;;;VP;Pred;core;regular;NA;;;
